0.8 8388607 1073741824 1073741824
0.72 11072964 1073741824 1073741824
0.648 13488884 1073741824 1073741824
0.5832 15663212 1073741824 1073741824
0.52488 17620106 1073741824 1073741824
0.472392 19381310 1073741824 1073741824
0.425153 20966396 1073741824 1073741824
0.382637 22392972 1073741824 1073741824
0.344374 23676890 1073741824 1073741824
0.309936 24832418 1073741824 373026736
0.278943 25872392 1073741824 54509543
0.251048 26808368 1073741824 66240547
0.225944 27650746 1073741824 31166786
0.203349 28408888 1073741824 28408888
0.183014 29091214 1073741824 29091214
0.164713 29705310 1073741824 29705310
0.148242 30257994 1073741824 30257994
0.133417 30755410 1073741824 30755410
0.120076 31203084 1073741824 31203084
0.108068 31605990 1073741824 31605990
0.0972613 31968608 1073741824 31968608
0.0875351 32294962 1073741824 32294962
0.0787816 32588682 1073741824 32588682
0.0709035 32853028 1073741824 32853028
0.0638131 33090942 1073741824 33090942
0.0574318 33305062 1073741824 33305062
0.0516886 33497772 1073741824 33497772
8624
0.8 8388607 1073741824 1073741824
0.72 11072964 1073741824 1073741824
0.648 13488884 1073741824 1073741824
0.5832 15663212 1073741824 1073741824
0.52488 17620106 1073741824 1073741824
0.472392 19381310 1073741824 1073741824
0.425153 20966396 1073741824 368037303
0.382637 22392972 1073741824 40737590
0.344374 23676890 1073741824 73320415
0.309936 24832418 1073741824 24832418
0.278943 25872392 1073741824 25872392
0.251048 26808368 1073741824 47695202
0.225944 27650746 1073741824 27650746
0.203349 28408888 1073741824 28408888
0.183014 29091214 1073741824 29091214
0.164713 29705310 1073741824 29705310
0.148242 30257994 1073741824 30257994
0.133417 30755410 1073741824 30755410
0.120076 31203084 1073741824 31203084
0.108068 31605990 1073741824 31605990
0.0972613 31968608 1073741824 31968608
0.0875351 32294962 1073741824 32294962
0.0787816 32588682 1073741824 32588682
0.0709035 32853028 1073741824 32853028
0.0638131 33090942 1073741824 33090942
0.0574318 33305062 1073741824 33305062
0.0516886 33497772 1073741824 33497772
2164
0.8 8388607 1073741824 1073741824
0.72 11072964 1073741824 1073741824
0.648 13488884 1073741824 1073741824
0.5832 15663212 1073741824 1073741824
0.52488 17620106 1073741824 1073741824
0.472392 19381310 1073741824 1073741824
0.425153 20966396 1073741824 1073741824
0.382637 22392972 1073741824 1073741824
0.344374 23676890 1073741824 1073741824
0.309936 24832418 1073741824 1073741824
0.278943 25872392 1073741824 1073741824
0.251048 26808368 1073741824 483871126
0.225944 27650746 1073741824 44810631
0.203349 28408888 1073741824 28408888
0.183014 29091214 1073741824 29091214
0.164713 29705310 1073741824 29705310
0.148242 30257994 1073741824 30257994
0.133417 30755410 1073741824 30755410
0.120076 31203084 1073741824 31203084
0.108068 31605990 1073741824 31605990
0.0972613 31968608 1073741824 31968608
0.0875351 32294962 1073741824 32294962
0.0787816 32588682 1073741824 32588682
0.0709035 32853028 1073741824 32853028
0.0638131 33090942 1073741824 33090942
0.0574318 33305062 1073741824 33305062
0.0516886 33497772 1073741824 33497772
13996
================================================0.8 8388607 1073741824 1073741824
0.72 11072964 1073741824 1073741824
0.648 13488884 1073741824