128
16 8
0 0 2 1 16
0 1 3 0 2 17
0 2 3 1 3 18
0 3 3 2 4 19
0 4 3 3 5 20
0 5 3 4 6 21
0 6 3 5 7 22
0 7 3 6 8 23
0 8 3 7 9 24
0 9 3 8 10 25
0 10 3 9 11 26
0 11 3 10 12 27
0 12 3 11 13 28
0 13 3 12 14 29
0 14 3 13 15 30
0 15 2 14 31
1 0 3 0 17 32
1 1 4 1 16 18 33
1 2 4 2 17 19 34
1 3 4 3 18 20 35
1 4 4 4 19 21 36
1 5 4 5 20 22 37
1 6 4 6 21 23 38
1 7 4 7 22 24 39
1 8 4 8 23 25 40
1 9 4 9 24 26 41
1 10 4 10 25 27 42
1 11 4 11 26 28 43
1 12 4 12 27 29 44
1 13 4 13 28 30 45
1 14 4 14 29 31 46
1 15 3 15 30 47
2 0 3 16 33 48
2 1 4 17 32 34 49
2 2 4 18 33 35 50
2 3 4 19 34 36 51
2 4 4 20 35 37 52
2 5 4 21 36 38 53
2 6 4 22 37 39 54
2 7 4 23 38 40 55
2 8 4 24 39 41 56
2 9 4 25 40 42 57
2 10 4 26 41 43 58
2 11 4 27 42 44 59
2 12 4 28 43 45 60
2 13 4 29 44 46 61
2 14 4 30 45 47 62
2 15 3 31 46 63
3 0 3 32 49 64
3 1 4 33 48 50 65
3 2 4 34 49 51 66
3 3 4 35 50 52 67
3 4 4 36 51 53 68
3 5 4 37 52 54 69
3 6 4 38 53 55 70
3 7 4 39 54 56 71
3 8 4 40 55 57 72
3 9 4 41 56 58 73
3 10 4 42 57 59 74
3 11 4 43 58 60 75
3 12 4 44 59 61 76
3 13 4 45 60 62 77
3 14 4 46 61 63 78
3 15 3 47 62 79
4 0 3 48 65 80
4 1 4 49 64 66 81
4 2 4 50 65 67 82
4 3 4 51 66 68 83
4 4 4 52 67 69 84
4 5 4 53 68 70 85
4 6 4 54 69 71 86
4 7 4 55 70 72 87
4 8 4 56 71 73 88
4 9 4 57 72 74 89
4 10 4 58 73 75 90
4 11 4 59 74 76 91
4 12 4 60 75 77 92
4 13 4 61 76 78 93
4 14 4 62 77 79 94
4 15 3 63 78 95
5 0 3 64 81 96
5 1 4 65 80 82 97
5 2 4 66 81 83 98
5 3 4 67 82 84 99
5 4 4 68 83 85 100
5 5 4 69 84 86 101
5 6 4 70 85 87 102
5 7 4 71 86 88 103
5 8 4 72 87 89 104
5 9 4 73 88 90 105
5 10 4 74 89 91 106
5 11 4 75 90 92 107
5 12 4 76 91 93 108
5 13 4 77 92 94 109
5 14 4 78 93 95 110
5 15 3 79 94 111
6 0 3 80 97 112
6 1 4 81 96 98 113
6 2 4 82 97 99 114
6 3 4 83 98 100 115
6 4 4 84 99 101 116
6 5 4 85 100 102 117
6 6 4 86 101 103 118
6 7 4 87 102 104 119
6 8 4 88 103 105 120
6 9 4 89 104 106 121
6 10 4 90 105 107 122
6 11 4 91 106 108 123
6 12 4 92 107 109 124
6 13 4 93 108 110 125
6 14 4 94 109 111 126
6 15 3 95 110 127
7 0 2 96 113
7 1 3 97 112 114
7 2 3 98 113 115
7 3 3 99 114 116
7 4 3 100 115 117
7 5 3 101 116 118
7 6 3 102 117 119
7 7 3 103 118 120
7 8 3 104 119 121
7 9 3 105 120 122
7 10 3 106 121 123
7 11 3 107 122 124
7 12 3 108 123 125
7 13 3 109 124 126
7 14 3 110 125 127
7 15 2 111 126
