1024
32 32
0 0 1 1
0 1 2 0 2
0 2 2 1 3
0 3 2 2 4
0 4 2 3 5
0 5 2 4 6
0 6 2 5 7
0 7 2 6 8
0 8 2 7 9
0 9 2 8 10
0 10 2 9 11
0 11 2 10 12
0 12 2 11 13
0 13 2 12 14
0 14 2 13 15
0 15 2 14 16
0 16 2 15 17
0 17 2 16 18
0 18 2 17 19
0 19 2 18 20
0 20 2 19 21
0 21 2 20 22
0 22 2 21 23
0 23 2 22 24
0 24 2 23 25
0 25 2 24 26
0 26 2 25 27
0 27 2 26 28
0 28 2 27 29
0 29 2 28 30
0 30 2 29 31
0 31 2 30 63
1 0 2 33 64
1 1 2 34 32
1 2 2 35 33
1 3 2 36 34
1 4 2 37 35
1 5 2 38 36
1 6 2 39 37
1 7 2 40 38
1 8 2 41 39
1 9 2 42 40
1 10 2 43 41
1 11 2 44 42
1 12 2 45 43
1 13 2 46 44
1 14 2 47 45
1 15 2 48 46
1 16 2 49 47
1 17 2 50 48
1 18 2 51 49
1 19 2 52 50
1 20 2 53 51
1 21 2 54 52
1 22 2 55 53
1 23 2 56 54
1 24 2 57 55
1 25 2 58 56
1 26 2 59 57
1 27 2 60 58
1 28 2 61 59
1 29 2 62 60
1 30 2 63 61
1 31 2 31 62
2 0 2 32 65
2 1 2 64 66
2 2 2 65 67
2 3 2 66 68
2 4 2 67 69
2 5 2 68 70
2 6 2 69 71
2 7 2 70 72
2 8 2 71 73
2 9 2 72 74
2 10 2 73 75
2 11 2 74 76
2 12 2 75 77
2 13 2 76 78
2 14 2 77 79
2 15 2 78 80
2 16 2 79 81
2 17 2 80 82
2 18 2 81 83
2 19 2 82 84
2 20 2 83 85
2 21 2 84 86
2 22 2 85 87
2 23 2 86 88
2 24 2 87 89
2 25 2 88 90
2 26 2 89 91
2 27 2 90 92
2 28 2 91 93
2 29 2 92 94
2 30 2 93 95
2 31 2 94 127
3 0 2 97 128
3 1 2 98 96
3 2 2 99 97
3 3 2 100 98
3 4 2 101 99
3 5 2 102 100
3 6 2 103 101
3 7 2 104 102
3 8 2 105 103
3 9 2 106 104
3 10 2 107 105
3 11 2 108 106
3 12 2 109 107
3 13 2 110 108
3 14 2 111 109
3 15 2 112 110
3 16 2 113 111
3 17 2 114 112
3 18 2 115 113
3 19 2 116 114
3 20 2 117 115
3 21 2 118 116
3 22 2 119 117
3 23 2 120 118
3 24 2 121 119
3 25 2 122 120
3 26 2 123 121
3 27 2 124 122
3 28 2 125 123
3 29 2 126 124
3 30 2 127 125
3 31 2 95 126
4 0 2 96 129
4 1 2 128 130
4 2 2 129 131
4 3 2 130 132
4 4 2 131 133
4 5 2 132 134
4 6 2 133 135
4 7 2 134 136
4 8 2 135 137
4 9 2 136 138
4 10 2 137 139
4 11 2 138 140
4 12 2 139 141
4 13 2 140 142
4 14 2 141 143
4 15 2 142 144
4 16 2 143 145
4 17 2 144 146
4 18 2 145 147
4 19 2 146 148
4 20 2 147 149
4 21 2 148 150
4 22 2 149 151
4 23 2 150 152
4 24 2 151 153
4 25 2 152 154
4 26 2 153 155
4 27 2 154 156
4 28 2 155 157
4 29 2 156 158
4 30 2 157 159
4 31 2 158 191
5 0 2 161 192
5 1 2 162 160
5 2 2 163 161
5 3 2 164 162
5 4 2 165 163
5 5 2 166 164
5 6 2 167 165
5 7 2 168 166
5 8 2 169 167
5 9 2 170 168
5 10 2 171 169
5 11 2 172 170
5 12 2 173 171
5 13 2 174 172
5 14 2 175 173
5 15 2 176 174
5 16 2 177 175
5 17 2 178 176
5 18 2 179 177
5 19 2 180 178
5 20 2 181 179
5 21 2 182 180
5 22 2 183 181
5 23 2 184 182
5 24 2 185 183
5 25 2 186 184
5 26 2 187 185
5 27 2 188 186
5 28 2 189 187
5 29 2 190 188
5 30 2 191 189
5 31 2 159 190
6 0 2 160 193
6 1 2 192 194
6 2 2 193 195
6 3 2 194 196
6 4 2 195 197
6 5 2 196 198
6 6 2 197 199
6 7 2 198 200
6 8 2 199 201
6 9 2 200 202
6 10 2 201 203
6 11 2 202 204
6 12 2 203 205
6 13 2 204 206
6 14 2 205 207
6 15 2 206 208
6 16 2 207 209
6 17 2 208 210
6 18 2 209 211
6 19 2 210 212
6 20 2 211 213
6 21 2 212 214
6 22 2 213 215
6 23 2 214 216
6 24 2 215 217
6 25 2 216 218
6 26 2 217 219
6 27 2 218 220
6 28 2 219 221
6 29 2 220 222
6 30 2 221 223
6 31 2 222 255
7 0 2 225 256
7 1 2 226 224
7 2 2 227 225
7 3 2 228 226
7 4 2 229 227
7 5 2 230 228
7 6 2 231 229
7 7 2 232 230
7 8 2 233 231
7 9 2 234 232
7 10 2 235 233
7 11 2 236 234
7 12 2 237 235
7 13 2 238 236
7 14 2 239 237
7 15 2 240 238
7 16 2 241 239
7 17 2 242 240
7 18 2 243 241
7 19 2 244 242
7 20 2 245 243
7 21 2 246 244
7 22 2 247 245
7 23 2 248 246
7 24 2 249 247
7 25 2 250 248
7 26 2 251 249
7 27 2 252 250
7 28 2 253 251
7 29 2 254 252
7 30 2 255 253
7 31 2 223 254
8 0 2 224 257
8 1 2 256 258
8 2 2 257 259
8 3 2 258 260
8 4 2 259 261
8 5 2 260 262
8 6 2 261 263
8 7 2 262 264
8 8 2 263 265
8 9 2 264 266
8 10 2 265 267
8 11 2 266 268
8 12 2 267 269
8 13 2 268 270
8 14 2 269 271
8 15 2 270 272
8 16 2 271 273
8 17 2 272 274
8 18 2 273 275
8 19 2 274 276
8 20 2 275 277
8 21 2 276 278
8 22 2 277 279
8 23 2 278 280
8 24 2 279 281
8 25 2 280 282
8 26 2 281 283
8 27 2 282 284
8 28 2 283 285
8 29 2 284 286
8 30 2 285 287
8 31 2 286 319
9 0 2 289 320
9 1 2 290 288
9 2 2 291 289
9 3 2 292 290
9 4 2 293 291
9 5 2 294 292
9 6 2 295 293
9 7 2 296 294
9 8 2 297 295
9 9 2 298 296
9 10 2 299 297
9 11 2 300 298
9 12 2 301 299
9 13 2 302 300
9 14 2 303 301
9 15 2 304 302
9 16 2 305 303
9 17 2 306 304
9 18 2 307 305
9 19 2 308 306
9 20 2 309 307
9 21 2 310 308
9 22 2 311 309
9 23 2 312 310
9 24 2 313 311
9 25 2 314 312
9 26 2 315 313
9 27 2 316 314
9 28 2 317 315
9 29 2 318 316
9 30 2 319 317
9 31 2 287 318
10 0 2 288 321
10 1 2 320 322
10 2 2 321 323
10 3 2 322 324
10 4 2 323 325
10 5 2 324 326
10 6 2 325 327
10 7 2 326 328
10 8 2 327 329
10 9 2 328 330
10 10 2 329 331
10 11 2 330 332
10 12 2 331 333
10 13 2 332 334
10 14 2 333 335
10 15 2 334 336
10 16 2 335 337
10 17 2 336 338
10 18 2 337 339
10 19 2 338 340
10 20 2 339 341
10 21 2 340 342
10 22 2 341 343
10 23 2 342 344
10 24 2 343 345
10 25 2 344 346
10 26 2 345 347
10 27 2 346 348
10 28 2 347 349
10 29 2 348 350
10 30 2 349 351
10 31 2 350 383
11 0 2 353 384
11 1 2 354 352
11 2 2 355 353
11 3 2 356 354
11 4 2 357 355
11 5 2 358 356
11 6 2 359 357
11 7 2 360 358
11 8 2 361 359
11 9 2 362 360
11 10 2 363 361
11 11 2 364 362
11 12 2 365 363
11 13 2 366 364
11 14 2 367 365
11 15 2 368 366
11 16 2 369 367
11 17 2 370 368
11 18 2 371 369
11 19 2 372 370
11 20 2 373 371
11 21 2 374 372
11 22 2 375 373
11 23 2 376 374
11 24 2 377 375
11 25 2 378 376
11 26 2 379 377
11 27 2 380 378
11 28 2 381 379
11 29 2 382 380
11 30 2 383 381
11 31 2 351 382
12 0 2 352 385
12 1 2 384 386
12 2 2 385 387
12 3 2 386 388
12 4 2 387 389
12 5 2 388 390
12 6 2 389 391
12 7 2 390 392
12 8 2 391 393
12 9 2 392 394
12 10 2 393 395
12 11 2 394 396
12 12 2 395 397
12 13 2 396 398
12 14 2 397 399
12 15 2 398 400
12 16 2 399 401
12 17 2 400 402
12 18 2 401 403
12 19 2 402 404
12 20 2 403 405
12 21 2 404 406
12 22 2 405 407
12 23 2 406 408
12 24 2 407 409
12 25 2 408 410
12 26 2 409 411
12 27 2 410 412
12 28 2 411 413
12 29 2 412 414
12 30 2 413 415
12 31 2 414 447
13 0 2 417 448
13 1 2 418 416
13 2 2 419 417
13 3 2 420 418
13 4 2 421 419
13 5 2 422 420
13 6 2 423 421
13 7 2 424 422
13 8 2 425 423
13 9 2 426 424
13 10 2 427 425
13 11 2 428 426
13 12 2 429 427
13 13 2 430 428
13 14 2 431 429
13 15 2 432 430
13 16 2 433 431
13 17 2 434 432
13 18 2 435 433
13 19 2 436 434
13 20 2 437 435
13 21 2 438 436
13 22 2 439 437
13 23 2 440 438
13 24 2 441 439
13 25 2 442 440
13 26 2 443 441
13 27 2 444 442
13 28 2 445 443
13 29 2 446 444
13 30 2 447 445
13 31 2 415 446
14 0 2 416 449
14 1 2 448 450
14 2 2 449 451
14 3 2 450 452
14 4 2 451 453
14 5 2 452 454
14 6 2 453 455
14 7 2 454 456
14 8 2 455 457
14 9 2 456 458
14 10 2 457 459
14 11 2 458 460
14 12 2 459 461
14 13 2 460 462
14 14 2 461 463
14 15 2 462 464
14 16 2 463 465
14 17 2 464 466
14 18 2 465 467
14 19 2 466 468
14 20 2 467 469
14 21 2 468 470
14 22 2 469 471
14 23 2 470 472
14 24 2 471 473
14 25 2 472 474
14 26 2 473 475
14 27 2 474 476
14 28 2 475 477
14 29 2 476 478
14 30 2 477 479
14 31 2 478 511
15 0 2 481 512
15 1 2 482 480
15 2 2 483 481
15 3 2 484 482
15 4 2 485 483
15 5 2 486 484
15 6 2 487 485
15 7 2 488 486
15 8 2 489 487
15 9 2 490 488
15 10 2 491 489
15 11 2 492 490
15 12 2 493 491
15 13 2 494 492
15 14 2 495 493
15 15 2 496 494
15 16 2 497 495
15 17 2 498 496
15 18 2 499 497
15 19 2 500 498
15 20 2 501 499
15 21 2 502 500
15 22 2 503 501
15 23 2 504 502
15 24 2 505 503
15 25 2 506 504
15 26 2 507 505
15 27 2 508 506
15 28 2 509 507
15 29 2 510 508
15 30 2 511 509
15 31 2 479 510
16 0 2 480 513
16 1 2 512 514
16 2 2 513 515
16 3 2 514 516
16 4 2 515 517
16 5 2 516 518
16 6 2 517 519
16 7 2 518 520
16 8 2 519 521
16 9 2 520 522
16 10 2 521 523
16 11 2 522 524
16 12 2 523 525
16 13 2 524 526
16 14 2 525 527
16 15 2 526 528
16 16 2 527 529
16 17 2 528 530
16 18 2 529 531
16 19 2 530 532
16 20 2 531 533
16 21 2 532 534
16 22 2 533 535
16 23 2 534 536
16 24 2 535 537
16 25 2 536 538
16 26 2 537 539
16 27 2 538 540
16 28 2 539 541
16 29 2 540 542
16 30 2 541 543
16 31 2 542 575
17 0 2 545 576
17 1 2 546 544
17 2 2 547 545
17 3 2 548 546
17 4 2 549 547
17 5 2 550 548
17 6 2 551 549
17 7 2 552 550
17 8 2 553 551
17 9 2 554 552
17 10 2 555 553
17 11 2 556 554
17 12 2 557 555
17 13 2 558 556
17 14 2 559 557
17 15 2 560 558
17 16 2 561 559
17 17 2 562 560
17 18 2 563 561
17 19 2 564 562
17 20 2 565 563
17 21 2 566 564
17 22 2 567 565
17 23 2 568 566
17 24 2 569 567
17 25 2 570 568
17 26 2 571 569
17 27 2 572 570
17 28 2 573 571
17 29 2 574 572
17 30 2 575 573
17 31 2 543 574
18 0 2 544 577
18 1 2 576 578
18 2 2 577 579
18 3 2 578 580
18 4 2 579 581
18 5 2 580 582
18 6 2 581 583
18 7 2 582 584
18 8 2 583 585
18 9 2 584 586
18 10 2 585 587
18 11 2 586 588
18 12 2 587 589
18 13 2 588 590
18 14 2 589 591
18 15 2 590 592
18 16 2 591 593
18 17 2 592 594
18 18 2 593 595
18 19 2 594 596
18 20 2 595 597
18 21 2 596 598
18 22 2 597 599
18 23 2 598 600
18 24 2 599 601
18 25 2 600 602
18 26 2 601 603
18 27 2 602 604
18 28 2 603 605
18 29 2 604 606
18 30 2 605 607
18 31 2 606 639
19 0 2 609 640
19 1 2 610 608
19 2 2 611 609
19 3 2 612 610
19 4 2 613 611
19 5 2 614 612
19 6 2 615 613
19 7 2 616 614
19 8 2 617 615
19 9 2 618 616
19 10 2 619 617
19 11 2 620 618
19 12 2 621 619
19 13 2 622 620
19 14 2 623 621
19 15 2 624 622
19 16 2 625 623
19 17 2 626 624
19 18 2 627 625
19 19 2 628 626
19 20 2 629 627
19 21 2 630 628
19 22 2 631 629
19 23 2 632 630
19 24 2 633 631
19 25 2 634 632
19 26 2 635 633
19 27 2 636 634
19 28 2 637 635
19 29 2 638 636
19 30 2 639 637
19 31 2 607 638
20 0 2 608 641
20 1 2 640 642
20 2 2 641 643
20 3 2 642 644
20 4 2 643 645
20 5 2 644 646
20 6 2 645 647
20 7 2 646 648
20 8 2 647 649
20 9 2 648 650
20 10 2 649 651
20 11 2 650 652
20 12 2 651 653
20 13 2 652 654
20 14 2 653 655
20 15 2 654 656
20 16 2 655 657
20 17 2 656 658
20 18 2 657 659
20 19 2 658 660
20 20 2 659 661
20 21 2 660 662
20 22 2 661 663
20 23 2 662 664
20 24 2 663 665
20 25 2 664 666
20 26 2 665 667
20 27 2 666 668
20 28 2 667 669
20 29 2 668 670
20 30 2 669 671
20 31 2 670 703
21 0 2 673 704
21 1 2 674 672
21 2 2 675 673
21 3 2 676 674
21 4 2 677 675
21 5 2 678 676
21 6 2 679 677
21 7 2 680 678
21 8 2 681 679
21 9 2 682 680
21 10 2 683 681
21 11 2 684 682
21 12 2 685 683
21 13 2 686 684
21 14 2 687 685
21 15 2 688 686
21 16 2 689 687
21 17 2 690 688
21 18 2 691 689
21 19 2 692 690
21 20 2 693 691
21 21 2 694 692
21 22 2 695 693
21 23 2 696 694
21 24 2 697 695
21 25 2 698 696
21 26 2 699 697
21 27 2 700 698
21 28 2 701 699
21 29 2 702 700
21 30 2 703 701
21 31 2 671 702
22 0 2 672 705
22 1 2 704 706
22 2 2 705 707
22 3 2 706 708
22 4 2 707 709
22 5 2 708 710
22 6 2 709 711
22 7 2 710 712
22 8 2 711 713
22 9 2 712 714
22 10 2 713 715
22 11 2 714 716
22 12 2 715 717
22 13 2 716 718
22 14 2 717 719
22 15 2 718 720
22 16 2 719 721
22 17 2 720 722
22 18 2 721 723
22 19 2 722 724
22 20 2 723 725
22 21 2 724 726
22 22 2 725 727
22 23 2 726 728
22 24 2 727 729
22 25 2 728 730
22 26 2 729 731
22 27 2 730 732
22 28 2 731 733
22 29 2 732 734
22 30 2 733 735
22 31 2 734 767
23 0 2 737 768
23 1 2 738 736
23 2 2 739 737
23 3 2 740 738
23 4 2 741 739
23 5 2 742 740
23 6 2 743 741
23 7 2 744 742
23 8 2 745 743
23 9 2 746 744
23 10 2 747 745
23 11 2 748 746
23 12 2 749 747
23 13 2 750 748
23 14 2 751 749
23 15 2 752 750
23 16 2 753 751
23 17 2 754 752
23 18 2 755 753
23 19 2 756 754
23 20 2 757 755
23 21 2 758 756
23 22 2 759 757
23 23 2 760 758
23 24 2 761 759
23 25 2 762 760
23 26 2 763 761
23 27 2 764 762
23 28 2 765 763
23 29 2 766 764
23 30 2 767 765
23 31 2 735 766
24 0 2 736 769
24 1 2 768 770
24 2 2 769 771
24 3 2 770 772
24 4 2 771 773
24 5 2 772 774
24 6 2 773 775
24 7 2 774 776
24 8 2 775 777
24 9 2 776 778
24 10 2 777 779
24 11 2 778 780
24 12 2 779 781
24 13 2 780 782
24 14 2 781 783
24 15 2 782 784
24 16 2 783 785
24 17 2 784 786
24 18 2 785 787
24 19 2 786 788
24 20 2 787 789
24 21 2 788 790
24 22 2 789 791
24 23 2 790 792
24 24 2 791 793
24 25 2 792 794
24 26 2 793 795
24 27 2 794 796
24 28 2 795 797
24 29 2 796 798
24 30 2 797 799
24 31 2 798 831
25 0 2 801 832
25 1 2 802 800
25 2 2 803 801
25 3 2 804 802
25 4 2 805 803
25 5 2 806 804
25 6 2 807 805
25 7 2 808 806
25 8 2 809 807
25 9 2 810 808
25 10 2 811 809
25 11 2 812 810
25 12 2 813 811
25 13 2 814 812
25 14 2 815 813
25 15 2 816 814
25 16 2 817 815
25 17 2 818 816
25 18 2 819 817
25 19 2 820 818
25 20 2 821 819
25 21 2 822 820
25 22 2 823 821
25 23 2 824 822
25 24 2 825 823
25 25 2 826 824
25 26 2 827 825
25 27 2 828 826
25 28 2 829 827
25 29 2 830 828
25 30 2 831 829
25 31 2 799 830
26 0 2 800 833
26 1 2 832 834
26 2 2 833 835
26 3 2 834 836
26 4 2 835 837
26 5 2 836 838
26 6 2 837 839
26 7 2 838 840
26 8 2 839 841
26 9 2 840 842
26 10 2 841 843
26 11 2 842 844
26 12 2 843 845
26 13 2 844 846
26 14 2 845 847
26 15 2 846 848
26 16 2 847 849
26 17 2 848 850
26 18 2 849 851
26 19 2 850 852
26 20 2 851 853
26 21 2 852 854
26 22 2 853 855
26 23 2 854 856
26 24 2 855 857
26 25 2 856 858
26 26 2 857 859
26 27 2 858 860
26 28 2 859 861
26 29 2 860 862
26 30 2 861 863
26 31 2 862 895
27 0 2 865 896
27 1 2 866 864
27 2 2 867 865
27 3 2 868 866
27 4 2 869 867
27 5 2 870 868
27 6 2 871 869
27 7 2 872 870
27 8 2 873 871
27 9 2 874 872
27 10 2 875 873
27 11 2 876 874
27 12 2 877 875
27 13 2 878 876
27 14 2 879 877
27 15 2 880 878
27 16 2 881 879
27 17 2 882 880
27 18 2 883 881
27 19 2 884 882
27 20 2 885 883
27 21 2 886 884
27 22 2 887 885
27 23 2 888 886
27 24 2 889 887
27 25 2 890 888
27 26 2 891 889
27 27 2 892 890
27 28 2 893 891
27 29 2 894 892
27 30 2 895 893
27 31 2 863 894
28 0 2 864 897
28 1 2 896 898
28 2 2 897 899
28 3 2 898 900
28 4 2 899 901
28 5 2 900 902
28 6 2 901 903
28 7 2 902 904
28 8 2 903 905
28 9 2 904 906
28 10 2 905 907
28 11 2 906 908
28 12 2 907 909
28 13 2 908 910
28 14 2 909 911
28 15 2 910 912
28 16 2 911 913
28 17 2 912 914
28 18 2 913 915
28 19 2 914 916
28 20 2 915 917
28 21 2 916 918
28 22 2 917 919
28 23 2 918 920
28 24 2 919 921
28 25 2 920 922
28 26 2 921 923
28 27 2 922 924
28 28 2 923 925
28 29 2 924 926
28 30 2 925 927
28 31 2 926 959
29 0 2 929 960
29 1 2 930 928
29 2 2 931 929
29 3 2 932 930
29 4 2 933 931
29 5 2 934 932
29 6 2 935 933
29 7 2 936 934
29 8 2 937 935
29 9 2 938 936
29 10 2 939 937
29 11 2 940 938
29 12 2 941 939
29 13 2 942 940
29 14 2 943 941
29 15 2 944 942
29 16 2 945 943
29 17 2 946 944
29 18 2 947 945
29 19 2 948 946
29 20 2 949 947
29 21 2 950 948
29 22 2 951 949
29 23 2 952 950
29 24 2 953 951
29 25 2 954 952
29 26 2 955 953
29 27 2 956 954
29 28 2 957 955
29 29 2 958 956
29 30 2 959 957
29 31 2 927 958
30 0 2 928 961
30 1 2 960 962
30 2 2 961 963
30 3 2 962 964
30 4 2 963 965
30 5 2 964 966
30 6 2 965 967
30 7 2 966 968
30 8 2 967 969
30 9 2 968 970
30 10 2 969 971
30 11 2 970 972
30 12 2 971 973
30 13 2 972 974
30 14 2 973 975
30 15 2 974 976
30 16 2 975 977
30 17 2 976 978
30 18 2 977 979
30 19 2 978 980
30 20 2 979 981
30 21 2 980 982
30 22 2 981 983
30 23 2 982 984
30 24 2 983 985
30 25 2 984 986
30 26 2 985 987
30 27 2 986 988
30 28 2 987 989
30 29 2 988 990
30 30 2 989 991
30 31 2 990 1023
31 0 1 993
31 1 2 994 992
31 2 2 995 993
31 3 2 996 994
31 4 2 997 995
31 5 2 998 996
31 6 2 999 997
31 7 2 1000 998
31 8 2 1001 999
31 9 2 1002 1000
31 10 2 1003 1001
31 11 2 1004 1002
31 12 2 1005 1003
31 13 2 1006 1004
31 14 2 1007 1005
31 15 2 1008 1006
31 16 2 1009 1007
31 17 2 1010 1008
31 18 2 1011 1009
31 19 2 1012 1010
31 20 2 1013 1011
31 21 2 1014 1012
31 22 2 1015 1013
31 23 2 1016 1014
31 24 2 1017 1015
31 25 2 1018 1016
31 26 2 1019 1017
31 27 2 1020 1018
31 28 2 1021 1019
31 29 2 1022 1020
31 30 2 1023 1021
31 31 2 991 1022
