128
16 8
0 0 1 1
0 1 2 0 2
0 2 2 1 3
0 3 2 2 4
0 4 2 3 5
0 5 2 4 6
0 6 2 5 7
0 7 2 6 8
0 8 2 7 9
0 9 2 8 10
0 10 2 9 11
0 11 2 10 12
0 12 2 11 13
0 13 2 12 14
0 14 2 13 15
0 15 2 14 31
1 0 2 17 32
1 1 2 18 16
1 2 2 19 17
1 3 2 20 18
1 4 2 21 19
1 5 2 22 20
1 6 2 23 21
1 7 2 24 22
1 8 2 25 23
1 9 2 26 24
1 10 2 27 25
1 11 2 28 26
1 12 2 29 27
1 13 2 30 28
1 14 2 31 29
1 15 2 15 30
2 0 2 16 33
2 1 2 32 34
2 2 2 33 35
2 3 2 34 36
2 4 2 35 37
2 5 2 36 38
2 6 2 37 39
2 7 2 38 40
2 8 2 39 41
2 9 2 40 42
2 10 2 41 43
2 11 2 42 44
2 12 2 43 45
2 13 2 44 46
2 14 2 45 47
2 15 2 46 63
3 0 2 49 64
3 1 2 50 48
3 2 2 51 49
3 3 2 52 50
3 4 2 53 51
3 5 2 54 52
3 6 2 55 53
3 7 2 56 54
3 8 2 57 55
3 9 2 58 56
3 10 2 59 57
3 11 2 60 58
3 12 2 61 59
3 13 2 62 60
3 14 2 63 61
3 15 2 47 62
4 0 2 48 65
4 1 2 64 66
4 2 2 65 67
4 3 2 66 68
4 4 2 67 69
4 5 2 68 70
4 6 2 69 71
4 7 2 70 72
4 8 2 71 73
4 9 2 72 74
4 10 2 73 75
4 11 2 74 76
4 12 2 75 77
4 13 2 76 78
4 14 2 77 79
4 15 2 78 95
5 0 2 81 96
5 1 2 82 80
5 2 2 83 81
5 3 2 84 82
5 4 2 85 83
5 5 2 86 84
5 6 2 87 85
5 7 2 88 86
5 8 2 89 87
5 9 2 90 88
5 10 2 91 89
5 11 2 92 90
5 12 2 93 91
5 13 2 94 92
5 14 2 95 93
5 15 2 79 94
6 0 2 80 97
6 1 2 96 98
6 2 2 97 99
6 3 2 98 100
6 4 2 99 101
6 5 2 100 102
6 6 2 101 103
6 7 2 102 104
6 8 2 103 105
6 9 2 104 106
6 10 2 105 107
6 11 2 106 108
6 12 2 107 109
6 13 2 108 110
6 14 2 109 111
6 15 2 110 127
7 0 1 113
7 1 2 114 112
7 2 2 115 113
7 3 2 116 114
7 4 2 117 115
7 5 2 118 116
7 6 2 119 117
7 7 2 120 118
7 8 2 121 119
7 9 2 122 120
7 10 2 123 121
7 11 2 124 122
7 12 2 125 123
7 13 2 126 124
7 14 2 127 125
7 15 2 111 126
