1024
32 32
0 0 2 1 32
0 1 3 0 2 33
0 2 3 1 3 34
0 3 3 2 4 35
0 4 3 3 5 36
0 5 3 4 6 37
0 6 3 5 7 38
0 7 3 6 8 39
0 8 3 7 9 40
0 9 3 8 10 41
0 10 3 9 11 42
0 11 3 10 12 43
0 12 3 11 13 44
0 13 3 12 14 45
0 14 3 13 15 46
0 15 3 14 16 47
0 16 3 15 17 48
0 17 3 16 18 49
0 18 3 17 19 50
0 19 3 18 20 51
0 20 3 19 21 52
0 21 3 20 22 53
0 22 3 21 23 54
0 23 3 22 24 55
0 24 3 23 25 56
0 25 3 24 26 57
0 26 3 25 27 58
0 27 3 26 28 59
0 28 3 27 29 60
0 29 3 28 30 61
0 30 3 29 31 62
0 31 2 30 63
1 0 3 0 33 64
1 1 4 1 32 34 65
1 2 4 2 33 35 66
1 3 4 3 34 36 67
1 4 4 4 35 37 68
1 5 4 5 36 38 69
1 6 4 6 37 39 70
1 7 4 7 38 40 71
1 8 4 8 39 41 72
1 9 4 9 40 42 73
1 10 4 10 41 43 74
1 11 4 11 42 44 75
1 12 4 12 43 45 76
1 13 4 13 44 46 77
1 14 4 14 45 47 78
1 15 4 15 46 48 79
1 16 4 16 47 49 80
1 17 4 17 48 50 81
1 18 4 18 49 51 82
1 19 4 19 50 52 83
1 20 4 20 51 53 84
1 21 4 21 52 54 85
1 22 4 22 53 55 86
1 23 4 23 54 56 87
1 24 4 24 55 57 88
1 25 4 25 56 58 89
1 26 4 26 57 59 90
1 27 4 27 58 60 91
1 28 4 28 59 61 92
1 29 4 29 60 62 93
1 30 4 30 61 63 94
1 31 3 31 62 95
2 0 3 32 65 96
2 1 4 33 64 66 97
2 2 4 34 65 67 98
2 3 4 35 66 68 99
2 4 4 36 67 69 100
2 5 4 37 68 70 101
2 6 4 38 69 71 102
2 7 4 39 70 72 103
2 8 4 40 71 73 104
2 9 4 41 72 74 105
2 10 4 42 73 75 106
2 11 4 43 74 76 107
2 12 4 44 75 77 108
2 13 4 45 76 78 109
2 14 4 46 77 79 110
2 15 4 47 78 80 111
2 16 4 48 79 81 112
2 17 4 49 80 82 113
2 18 4 50 81 83 114
2 19 4 51 82 84 115
2 20 4 52 83 85 116
2 21 4 53 84 86 117
2 22 4 54 85 87 118
2 23 4 55 86 88 119
2 24 4 56 87 89 120
2 25 4 57 88 90 121
2 26 4 58 89 91 122
2 27 4 59 90 92 123
2 28 4 60 91 93 124
2 29 4 61 92 94 125
2 30 4 62 93 95 126
2 31 3 63 94 127
3 0 3 64 97 128
3 1 4 65 96 98 129
3 2 4 66 97 99 130
3 3 4 67 98 100 131
3 4 4 68 99 101 132
3 5 4 69 100 102 133
3 6 4 70 101 103 134
3 7 4 71 102 104 135
3 8 4 72 103 105 136
3 9 4 73 104 106 137
3 10 4 74 105 107 138
3 11 4 75 106 108 139
3 12 4 76 107 109 140
3 13 4 77 108 110 141
3 14 4 78 109 111 142
3 15 4 79 110 112 143
3 16 4 80 111 113 144
3 17 4 81 112 114 145
3 18 4 82 113 115 146
3 19 4 83 114 116 147
3 20 4 84 115 117 148
3 21 4 85 116 118 149
3 22 4 86 117 119 150
3 23 4 87 118 120 151
3 24 4 88 119 121 152
3 25 4 89 120 122 153
3 26 4 90 121 123 154
3 27 4 91 122 124 155
3 28 4 92 123 125 156
3 29 4 93 124 126 157
3 30 4 94 125 127 158
3 31 3 95 126 159
4 0 3 96 129 160
4 1 4 97 128 130 161
4 2 4 98 129 131 162
4 3 4 99 130 132 163
4 4 4 100 131 133 164
4 5 4 101 132 134 165
4 6 4 102 133 135 166
4 7 4 103 134 136 167
4 8 4 104 135 137 168
4 9 4 105 136 138 169
4 10 4 106 137 139 170
4 11 4 107 138 140 171
4 12 4 108 139 141 172
4 13 4 109 140 142 173
4 14 4 110 141 143 174
4 15 4 111 142 144 175
4 16 4 112 143 145 176
4 17 4 113 144 146 177
4 18 4 114 145 147 178
4 19 4 115 146 148 179
4 20 4 116 147 149 180
4 21 4 117 148 150 181
4 22 4 118 149 151 182
4 23 4 119 150 152 183
4 24 4 120 151 153 184
4 25 4 121 152 154 185
4 26 4 122 153 155 186
4 27 4 123 154 156 187
4 28 4 124 155 157 188
4 29 4 125 156 158 189
4 30 4 126 157 159 190
4 31 3 127 158 191
5 0 3 128 161 192
5 1 4 129 160 162 193
5 2 4 130 161 163 194
5 3 4 131 162 164 195
5 4 4 132 163 165 196
5 5 4 133 164 166 197
5 6 4 134 165 167 198
5 7 4 135 166 168 199
5 8 4 136 167 169 200
5 9 4 137 168 170 201
5 10 4 138 169 171 202
5 11 4 139 170 172 203
5 12 4 140 171 173 204
5 13 4 141 172 174 205
5 14 4 142 173 175 206
5 15 4 143 174 176 207
5 16 4 144 175 177 208
5 17 4 145 176 178 209
5 18 4 146 177 179 210
5 19 4 147 178 180 211
5 20 4 148 179 181 212
5 21 4 149 180 182 213
5 22 4 150 181 183 214
5 23 4 151 182 184 215
5 24 4 152 183 185 216
5 25 4 153 184 186 217
5 26 4 154 185 187 218
5 27 4 155 186 188 219
5 28 4 156 187 189 220
5 29 4 157 188 190 221
5 30 4 158 189 191 222
5 31 3 159 190 223
6 0 3 160 193 224
6 1 4 161 192 194 225
6 2 4 162 193 195 226
6 3 4 163 194 196 227
6 4 4 164 195 197 228
6 5 4 165 196 198 229
6 6 4 166 197 199 230
6 7 4 167 198 200 231
6 8 4 168 199 201 232
6 9 4 169 200 202 233
6 10 4 170 201 203 234
6 11 4 171 202 204 235
6 12 4 172 203 205 236
6 13 4 173 204 206 237
6 14 4 174 205 207 238
6 15 4 175 206 208 239
6 16 4 176 207 209 240
6 17 4 177 208 210 241
6 18 4 178 209 211 242
6 19 4 179 210 212 243
6 20 4 180 211 213 244
6 21 4 181 212 214 245
6 22 4 182 213 215 246
6 23 4 183 214 216 247
6 24 4 184 215 217 248
6 25 4 185 216 218 249
6 26 4 186 217 219 250
6 27 4 187 218 220 251
6 28 4 188 219 221 252
6 29 4 189 220 222 253
6 30 4 190 221 223 254
6 31 3 191 222 255
7 0 3 192 225 256
7 1 4 193 224 226 257
7 2 4 194 225 227 258
7 3 4 195 226 228 259
7 4 4 196 227 229 260
7 5 4 197 228 230 261
7 6 4 198 229 231 262
7 7 4 199 230 232 263
7 8 4 200 231 233 264
7 9 4 201 232 234 265
7 10 4 202 233 235 266
7 11 4 203 234 236 267
7 12 4 204 235 237 268
7 13 4 205 236 238 269
7 14 4 206 237 239 270
7 15 4 207 238 240 271
7 16 4 208 239 241 272
7 17 4 209 240 242 273
7 18 4 210 241 243 274
7 19 4 211 242 244 275
7 20 4 212 243 245 276
7 21 4 213 244 246 277
7 22 4 214 245 247 278
7 23 4 215 246 248 279
7 24 4 216 247 249 280
7 25 4 217 248 250 281
7 26 4 218 249 251 282
7 27 4 219 250 252 283
7 28 4 220 251 253 284
7 29 4 221 252 254 285
7 30 4 222 253 255 286
7 31 3 223 254 287
8 0 3 224 257 288
8 1 4 225 256 258 289
8 2 4 226 257 259 290
8 3 4 227 258 260 291
8 4 4 228 259 261 292
8 5 4 229 260 262 293
8 6 4 230 261 263 294
8 7 4 231 262 264 295
8 8 4 232 263 265 296
8 9 4 233 264 266 297
8 10 4 234 265 267 298
8 11 4 235 266 268 299
8 12 4 236 267 269 300
8 13 4 237 268 270 301
8 14 4 238 269 271 302
8 15 4 239 270 272 303
8 16 4 240 271 273 304
8 17 4 241 272 274 305
8 18 4 242 273 275 306
8 19 4 243 274 276 307
8 20 4 244 275 277 308
8 21 4 245 276 278 309
8 22 4 246 277 279 310
8 23 4 247 278 280 311
8 24 4 248 279 281 312
8 25 4 249 280 282 313
8 26 4 250 281 283 314
8 27 4 251 282 284 315
8 28 4 252 283 285 316
8 29 4 253 284 286 317
8 30 4 254 285 287 318
8 31 3 255 286 319
9 0 3 256 289 320
9 1 4 257 288 290 321
9 2 4 258 289 291 322
9 3 4 259 290 292 323
9 4 4 260 291 293 324
9 5 4 261 292 294 325
9 6 4 262 293 295 326
9 7 4 263 294 296 327
9 8 4 264 295 297 328
9 9 4 265 296 298 329
9 10 4 266 297 299 330
9 11 4 267 298 300 331
9 12 4 268 299 301 332
9 13 4 269 300 302 333
9 14 4 270 301 303 334
9 15 4 271 302 304 335
9 16 4 272 303 305 336
9 17 4 273 304 306 337
9 18 4 274 305 307 338
9 19 4 275 306 308 339
9 20 4 276 307 309 340
9 21 4 277 308 310 341
9 22 4 278 309 311 342
9 23 4 279 310 312 343
9 24 4 280 311 313 344
9 25 4 281 312 314 345
9 26 4 282 313 315 346
9 27 4 283 314 316 347
9 28 4 284 315 317 348
9 29 4 285 316 318 349
9 30 4 286 317 319 350
9 31 3 287 318 351
10 0 3 288 321 352
10 1 4 289 320 322 353
10 2 4 290 321 323 354
10 3 4 291 322 324 355
10 4 4 292 323 325 356
10 5 4 293 324 326 357
10 6 4 294 325 327 358
10 7 4 295 326 328 359
10 8 4 296 327 329 360
10 9 4 297 328 330 361
10 10 4 298 329 331 362
10 11 4 299 330 332 363
10 12 4 300 331 333 364
10 13 4 301 332 334 365
10 14 4 302 333 335 366
10 15 4 303 334 336 367
10 16 4 304 335 337 368
10 17 4 305 336 338 369
10 18 4 306 337 339 370
10 19 4 307 338 340 371
10 20 4 308 339 341 372
10 21 4 309 340 342 373
10 22 4 310 341 343 374
10 23 4 311 342 344 375
10 24 4 312 343 345 376
10 25 4 313 344 346 377
10 26 4 314 345 347 378
10 27 4 315 346 348 379
10 28 4 316 347 349 380
10 29 4 317 348 350 381
10 30 4 318 349 351 382
10 31 3 319 350 383
11 0 3 320 353 384
11 1 4 321 352 354 385
11 2 4 322 353 355 386
11 3 4 323 354 356 387
11 4 4 324 355 357 388
11 5 4 325 356 358 389
11 6 4 326 357 359 390
11 7 4 327 358 360 391
11 8 4 328 359 361 392
11 9 4 329 360 362 393
11 10 4 330 361 363 394
11 11 4 331 362 364 395
11 12 4 332 363 365 396
11 13 4 333 364 366 397
11 14 4 334 365 367 398
11 15 4 335 366 368 399
11 16 4 336 367 369 400
11 17 4 337 368 370 401
11 18 4 338 369 371 402
11 19 4 339 370 372 403
11 20 4 340 371 373 404
11 21 4 341 372 374 405
11 22 4 342 373 375 406
11 23 4 343 374 376 407
11 24 4 344 375 377 408
11 25 4 345 376 378 409
11 26 4 346 377 379 410
11 27 4 347 378 380 411
11 28 4 348 379 381 412
11 29 4 349 380 382 413
11 30 4 350 381 383 414
11 31 3 351 382 415
12 0 3 352 385 416
12 1 4 353 384 386 417
12 2 4 354 385 387 418
12 3 4 355 386 388 419
12 4 4 356 387 389 420
12 5 4 357 388 390 421
12 6 4 358 389 391 422
12 7 4 359 390 392 423
12 8 4 360 391 393 424
12 9 4 361 392 394 425
12 10 4 362 393 395 426
12 11 4 363 394 396 427
12 12 4 364 395 397 428
12 13 4 365 396 398 429
12 14 4 366 397 399 430
12 15 4 367 398 400 431
12 16 4 368 399 401 432
12 17 4 369 400 402 433
12 18 4 370 401 403 434
12 19 4 371 402 404 435
12 20 4 372 403 405 436
12 21 4 373 404 406 437
12 22 4 374 405 407 438
12 23 4 375 406 408 439
12 24 4 376 407 409 440
12 25 4 377 408 410 441
12 26 4 378 409 411 442
12 27 4 379 410 412 443
12 28 4 380 411 413 444
12 29 4 381 412 414 445
12 30 4 382 413 415 446
12 31 3 383 414 447
13 0 3 384 417 448
13 1 4 385 416 418 449
13 2 4 386 417 419 450
13 3 4 387 418 420 451
13 4 4 388 419 421 452
13 5 4 389 420 422 453
13 6 4 390 421 423 454
13 7 4 391 422 424 455
13 8 4 392 423 425 456
13 9 4 393 424 426 457
13 10 4 394 425 427 458
13 11 4 395 426 428 459
13 12 4 396 427 429 460
13 13 4 397 428 430 461
13 14 4 398 429 431 462
13 15 4 399 430 432 463
13 16 4 400 431 433 464
13 17 4 401 432 434 465
13 18 4 402 433 435 466
13 19 4 403 434 436 467
13 20 4 404 435 437 468
13 21 4 405 436 438 469
13 22 4 406 437 439 470
13 23 4 407 438 440 471
13 24 4 408 439 441 472
13 25 4 409 440 442 473
13 26 4 410 441 443 474
13 27 4 411 442 444 475
13 28 4 412 443 445 476
13 29 4 413 444 446 477
13 30 4 414 445 447 478
13 31 3 415 446 479
14 0 3 416 449 480
14 1 4 417 448 450 481
14 2 4 418 449 451 482
14 3 4 419 450 452 483
14 4 4 420 451 453 484
14 5 4 421 452 454 485
14 6 4 422 453 455 486
14 7 4 423 454 456 487
14 8 4 424 455 457 488
14 9 4 425 456 458 489
14 10 4 426 457 459 490
14 11 4 427 458 460 491
14 12 4 428 459 461 492
14 13 4 429 460 462 493
14 14 4 430 461 463 494
14 15 4 431 462 464 495
14 16 4 432 463 465 496
14 17 4 433 464 466 497
14 18 4 434 465 467 498
14 19 4 435 466 468 499
14 20 4 436 467 469 500
14 21 4 437 468 470 501
14 22 4 438 469 471 502
14 23 4 439 470 472 503
14 24 4 440 471 473 504
14 25 4 441 472 474 505
14 26 4 442 473 475 506
14 27 4 443 474 476 507
14 28 4 444 475 477 508
14 29 4 445 476 478 509
14 30 4 446 477 479 510
14 31 3 447 478 511
15 0 3 448 481 512
15 1 4 449 480 482 513
15 2 4 450 481 483 514
15 3 4 451 482 484 515
15 4 4 452 483 485 516
15 5 4 453 484 486 517
15 6 4 454 485 487 518
15 7 4 455 486 488 519
15 8 4 456 487 489 520
15 9 4 457 488 490 521
15 10 4 458 489 491 522
15 11 4 459 490 492 523
15 12 4 460 491 493 524
15 13 4 461 492 494 525
15 14 4 462 493 495 526
15 15 4 463 494 496 527
15 16 4 464 495 497 528
15 17 4 465 496 498 529
15 18 4 466 497 499 530
15 19 4 467 498 500 531
15 20 4 468 499 501 532
15 21 4 469 500 502 533
15 22 4 470 501 503 534
15 23 4 471 502 504 535
15 24 4 472 503 505 536
15 25 4 473 504 506 537
15 26 4 474 505 507 538
15 27 4 475 506 508 539
15 28 4 476 507 509 540
15 29 4 477 508 510 541
15 30 4 478 509 511 542
15 31 3 479 510 543
16 0 3 480 513 544
16 1 4 481 512 514 545
16 2 4 482 513 515 546
16 3 4 483 514 516 547
16 4 4 484 515 517 548
16 5 4 485 516 518 549
16 6 4 486 517 519 550
16 7 4 487 518 520 551
16 8 4 488 519 521 552
16 9 4 489 520 522 553
16 10 4 490 521 523 554
16 11 4 491 522 524 555
16 12 4 492 523 525 556
16 13 4 493 524 526 557
16 14 4 494 525 527 558
16 15 4 495 526 528 559
16 16 4 496 527 529 560
16 17 4 497 528 530 561
16 18 4 498 529 531 562
16 19 4 499 530 532 563
16 20 4 500 531 533 564
16 21 4 501 532 534 565
16 22 4 502 533 535 566
16 23 4 503 534 536 567
16 24 4 504 535 537 568
16 25 4 505 536 538 569
16 26 4 506 537 539 570
16 27 4 507 538 540 571
16 28 4 508 539 541 572
16 29 4 509 540 542 573
16 30 4 510 541 543 574
16 31 3 511 542 575
17 0 3 512 545 576
17 1 4 513 544 546 577
17 2 4 514 545 547 578
17 3 4 515 546 548 579
17 4 4 516 547 549 580
17 5 4 517 548 550 581
17 6 4 518 549 551 582
17 7 4 519 550 552 583
17 8 4 520 551 553 584
17 9 4 521 552 554 585
17 10 4 522 553 555 586
17 11 4 523 554 556 587
17 12 4 524 555 557 588
17 13 4 525 556 558 589
17 14 4 526 557 559 590
17 15 4 527 558 560 591
17 16 4 528 559 561 592
17 17 4 529 560 562 593
17 18 4 530 561 563 594
17 19 4 531 562 564 595
17 20 4 532 563 565 596
17 21 4 533 564 566 597
17 22 4 534 565 567 598
17 23 4 535 566 568 599
17 24 4 536 567 569 600
17 25 4 537 568 570 601
17 26 4 538 569 571 602
17 27 4 539 570 572 603
17 28 4 540 571 573 604
17 29 4 541 572 574 605
17 30 4 542 573 575 606
17 31 3 543 574 607
18 0 3 544 577 608
18 1 4 545 576 578 609
18 2 4 546 577 579 610
18 3 4 547 578 580 611
18 4 4 548 579 581 612
18 5 4 549 580 582 613
18 6 4 550 581 583 614
18 7 4 551 582 584 615
18 8 4 552 583 585 616
18 9 4 553 584 586 617
18 10 4 554 585 587 618
18 11 4 555 586 588 619
18 12 4 556 587 589 620
18 13 4 557 588 590 621
18 14 4 558 589 591 622
18 15 4 559 590 592 623
18 16 4 560 591 593 624
18 17 4 561 592 594 625
18 18 4 562 593 595 626
18 19 4 563 594 596 627
18 20 4 564 595 597 628
18 21 4 565 596 598 629
18 22 4 566 597 599 630
18 23 4 567 598 600 631
18 24 4 568 599 601 632
18 25 4 569 600 602 633
18 26 4 570 601 603 634
18 27 4 571 602 604 635
18 28 4 572 603 605 636
18 29 4 573 604 606 637
18 30 4 574 605 607 638
18 31 3 575 606 639
19 0 3 576 609 640
19 1 4 577 608 610 641
19 2 4 578 609 611 642
19 3 4 579 610 612 643
19 4 4 580 611 613 644
19 5 4 581 612 614 645
19 6 4 582 613 615 646
19 7 4 583 614 616 647
19 8 4 584 615 617 648
19 9 4 585 616 618 649
19 10 4 586 617 619 650
19 11 4 587 618 620 651
19 12 4 588 619 621 652
19 13 4 589 620 622 653
19 14 4 590 621 623 654
19 15 4 591 622 624 655
19 16 4 592 623 625 656
19 17 4 593 624 626 657
19 18 4 594 625 627 658
19 19 4 595 626 628 659
19 20 4 596 627 629 660
19 21 4 597 628 630 661
19 22 4 598 629 631 662
19 23 4 599 630 632 663
19 24 4 600 631 633 664
19 25 4 601 632 634 665
19 26 4 602 633 635 666
19 27 4 603 634 636 667
19 28 4 604 635 637 668
19 29 4 605 636 638 669
19 30 4 606 637 639 670
19 31 3 607 638 671
20 0 3 608 641 672
20 1 4 609 640 642 673
20 2 4 610 641 643 674
20 3 4 611 642 644 675
20 4 4 612 643 645 676
20 5 4 613 644 646 677
20 6 4 614 645 647 678
20 7 4 615 646 648 679
20 8 4 616 647 649 680
20 9 4 617 648 650 681
20 10 4 618 649 651 682
20 11 4 619 650 652 683
20 12 4 620 651 653 684
20 13 4 621 652 654 685
20 14 4 622 653 655 686
20 15 4 623 654 656 687
20 16 4 624 655 657 688
20 17 4 625 656 658 689
20 18 4 626 657 659 690
20 19 4 627 658 660 691
20 20 4 628 659 661 692
20 21 4 629 660 662 693
20 22 4 630 661 663 694
20 23 4 631 662 664 695
20 24 4 632 663 665 696
20 25 4 633 664 666 697
20 26 4 634 665 667 698
20 27 4 635 666 668 699
20 28 4 636 667 669 700
20 29 4 637 668 670 701
20 30 4 638 669 671 702
20 31 3 639 670 703
21 0 3 640 673 704
21 1 4 641 672 674 705
21 2 4 642 673 675 706
21 3 4 643 674 676 707
21 4 4 644 675 677 708
21 5 4 645 676 678 709
21 6 4 646 677 679 710
21 7 4 647 678 680 711
21 8 4 648 679 681 712
21 9 4 649 680 682 713
21 10 4 650 681 683 714
21 11 4 651 682 684 715
21 12 4 652 683 685 716
21 13 4 653 684 686 717
21 14 4 654 685 687 718
21 15 4 655 686 688 719
21 16 4 656 687 689 720
21 17 4 657 688 690 721
21 18 4 658 689 691 722
21 19 4 659 690 692 723
21 20 4 660 691 693 724
21 21 4 661 692 694 725
21 22 4 662 693 695 726
21 23 4 663 694 696 727
21 24 4 664 695 697 728
21 25 4 665 696 698 729
21 26 4 666 697 699 730
21 27 4 667 698 700 731
21 28 4 668 699 701 732
21 29 4 669 700 702 733
21 30 4 670 701 703 734
21 31 3 671 702 735
22 0 3 672 705 736
22 1 4 673 704 706 737
22 2 4 674 705 707 738
22 3 4 675 706 708 739
22 4 4 676 707 709 740
22 5 4 677 708 710 741
22 6 4 678 709 711 742
22 7 4 679 710 712 743
22 8 4 680 711 713 744
22 9 4 681 712 714 745
22 10 4 682 713 715 746
22 11 4 683 714 716 747
22 12 4 684 715 717 748
22 13 4 685 716 718 749
22 14 4 686 717 719 750
22 15 4 687 718 720 751
22 16 4 688 719 721 752
22 17 4 689 720 722 753
22 18 4 690 721 723 754
22 19 4 691 722 724 755
22 20 4 692 723 725 756
22 21 4 693 724 726 757
22 22 4 694 725 727 758
22 23 4 695 726 728 759
22 24 4 696 727 729 760
22 25 4 697 728 730 761
22 26 4 698 729 731 762
22 27 4 699 730 732 763
22 28 4 700 731 733 764
22 29 4 701 732 734 765
22 30 4 702 733 735 766
22 31 3 703 734 767
23 0 3 704 737 768
23 1 4 705 736 738 769
23 2 4 706 737 739 770
23 3 4 707 738 740 771
23 4 4 708 739 741 772
23 5 4 709 740 742 773
23 6 4 710 741 743 774
23 7 4 711 742 744 775
23 8 4 712 743 745 776
23 9 4 713 744 746 777
23 10 4 714 745 747 778
23 11 4 715 746 748 779
23 12 4 716 747 749 780
23 13 4 717 748 750 781
23 14 4 718 749 751 782
23 15 4 719 750 752 783
23 16 4 720 751 753 784
23 17 4 721 752 754 785
23 18 4 722 753 755 786
23 19 4 723 754 756 787
23 20 4 724 755 757 788
23 21 4 725 756 758 789
23 22 4 726 757 759 790
23 23 4 727 758 760 791
23 24 4 728 759 761 792
23 25 4 729 760 762 793
23 26 4 730 761 763 794
23 27 4 731 762 764 795
23 28 4 732 763 765 796
23 29 4 733 764 766 797
23 30 4 734 765 767 798
23 31 3 735 766 799
24 0 3 736 769 800
24 1 4 737 768 770 801
24 2 4 738 769 771 802
24 3 4 739 770 772 803
24 4 4 740 771 773 804
24 5 4 741 772 774 805
24 6 4 742 773 775 806
24 7 4 743 774 776 807
24 8 4 744 775 777 808
24 9 4 745 776 778 809
24 10 4 746 777 779 810
24 11 4 747 778 780 811
24 12 4 748 779 781 812
24 13 4 749 780 782 813
24 14 4 750 781 783 814
24 15 4 751 782 784 815
24 16 4 752 783 785 816
24 17 4 753 784 786 817
24 18 4 754 785 787 818
24 19 4 755 786 788 819
24 20 4 756 787 789 820
24 21 4 757 788 790 821
24 22 4 758 789 791 822
24 23 4 759 790 792 823
24 24 4 760 791 793 824
24 25 4 761 792 794 825
24 26 4 762 793 795 826
24 27 4 763 794 796 827
24 28 4 764 795 797 828
24 29 4 765 796 798 829
24 30 4 766 797 799 830
24 31 3 767 798 831
25 0 3 768 801 832
25 1 4 769 800 802 833
25 2 4 770 801 803 834
25 3 4 771 802 804 835
25 4 4 772 803 805 836
25 5 4 773 804 806 837
25 6 4 774 805 807 838
25 7 4 775 806 808 839
25 8 4 776 807 809 840
25 9 4 777 808 810 841
25 10 4 778 809 811 842
25 11 4 779 810 812 843
25 12 4 780 811 813 844
25 13 4 781 812 814 845
25 14 4 782 813 815 846
25 15 4 783 814 816 847
25 16 4 784 815 817 848
25 17 4 785 816 818 849
25 18 4 786 817 819 850
25 19 4 787 818 820 851
25 20 4 788 819 821 852
25 21 4 789 820 822 853
25 22 4 790 821 823 854
25 23 4 791 822 824 855
25 24 4 792 823 825 856
25 25 4 793 824 826 857
25 26 4 794 825 827 858
25 27 4 795 826 828 859
25 28 4 796 827 829 860
25 29 4 797 828 830 861
25 30 4 798 829 831 862
25 31 3 799 830 863
26 0 3 800 833 864
26 1 4 801 832 834 865
26 2 4 802 833 835 866
26 3 4 803 834 836 867
26 4 4 804 835 837 868
26 5 4 805 836 838 869
26 6 4 806 837 839 870
26 7 4 807 838 840 871
26 8 4 808 839 841 872
26 9 4 809 840 842 873
26 10 4 810 841 843 874
26 11 4 811 842 844 875
26 12 4 812 843 845 876
26 13 4 813 844 846 877
26 14 4 814 845 847 878
26 15 4 815 846 848 879
26 16 4 816 847 849 880
26 17 4 817 848 850 881
26 18 4 818 849 851 882
26 19 4 819 850 852 883
26 20 4 820 851 853 884
26 21 4 821 852 854 885
26 22 4 822 853 855 886
26 23 4 823 854 856 887
26 24 4 824 855 857 888
26 25 4 825 856 858 889
26 26 4 826 857 859 890
26 27 4 827 858 860 891
26 28 4 828 859 861 892
26 29 4 829 860 862 893
26 30 4 830 861 863 894
26 31 3 831 862 895
27 0 3 832 865 896
27 1 4 833 864 866 897
27 2 4 834 865 867 898
27 3 4 835 866 868 899
27 4 4 836 867 869 900
27 5 4 837 868 870 901
27 6 4 838 869 871 902
27 7 4 839 870 872 903
27 8 4 840 871 873 904
27 9 4 841 872 874 905
27 10 4 842 873 875 906
27 11 4 843 874 876 907
27 12 4 844 875 877 908
27 13 4 845 876 878 909
27 14 4 846 877 879 910
27 15 4 847 878 880 911
27 16 4 848 879 881 912
27 17 4 849 880 882 913
27 18 4 850 881 883 914
27 19 4 851 882 884 915
27 20 4 852 883 885 916
27 21 4 853 884 886 917
27 22 4 854 885 887 918
27 23 4 855 886 888 919
27 24 4 856 887 889 920
27 25 4 857 888 890 921
27 26 4 858 889 891 922
27 27 4 859 890 892 923
27 28 4 860 891 893 924
27 29 4 861 892 894 925
27 30 4 862 893 895 926
27 31 3 863 894 927
28 0 3 864 897 928
28 1 4 865 896 898 929
28 2 4 866 897 899 930
28 3 4 867 898 900 931
28 4 4 868 899 901 932
28 5 4 869 900 902 933
28 6 4 870 901 903 934
28 7 4 871 902 904 935
28 8 4 872 903 905 936
28 9 4 873 904 906 937
28 10 4 874 905 907 938
28 11 4 875 906 908 939
28 12 4 876 907 909 940
28 13 4 877 908 910 941
28 14 4 878 909 911 942
28 15 4 879 910 912 943
28 16 4 880 911 913 944
28 17 4 881 912 914 945
28 18 4 882 913 915 946
28 19 4 883 914 916 947
28 20 4 884 915 917 948
28 21 4 885 916 918 949
28 22 4 886 917 919 950
28 23 4 887 918 920 951
28 24 4 888 919 921 952
28 25 4 889 920 922 953
28 26 4 890 921 923 954
28 27 4 891 922 924 955
28 28 4 892 923 925 956
28 29 4 893 924 926 957
28 30 4 894 925 927 958
28 31 3 895 926 959
29 0 3 896 929 960
29 1 4 897 928 930 961
29 2 4 898 929 931 962
29 3 4 899 930 932 963
29 4 4 900 931 933 964
29 5 4 901 932 934 965
29 6 4 902 933 935 966
29 7 4 903 934 936 967
29 8 4 904 935 937 968
29 9 4 905 936 938 969
29 10 4 906 937 939 970
29 11 4 907 938 940 971
29 12 4 908 939 941 972
29 13 4 909 940 942 973
29 14 4 910 941 943 974
29 15 4 911 942 944 975
29 16 4 912 943 945 976
29 17 4 913 944 946 977
29 18 4 914 945 947 978
29 19 4 915 946 948 979
29 20 4 916 947 949 980
29 21 4 917 948 950 981
29 22 4 918 949 951 982
29 23 4 919 950 952 983
29 24 4 920 951 953 984
29 25 4 921 952 954 985
29 26 4 922 953 955 986
29 27 4 923 954 956 987
29 28 4 924 955 957 988
29 29 4 925 956 958 989
29 30 4 926 957 959 990
29 31 3 927 958 991
30 0 3 928 961 992
30 1 4 929 960 962 993
30 2 4 930 961 963 994
30 3 4 931 962 964 995
30 4 4 932 963 965 996
30 5 4 933 964 966 997
30 6 4 934 965 967 998
30 7 4 935 966 968 999
30 8 4 936 967 969 1000
30 9 4 937 968 970 1001
30 10 4 938 969 971 1002
30 11 4 939 970 972 1003
30 12 4 940 971 973 1004
30 13 4 941 972 974 1005
30 14 4 942 973 975 1006
30 15 4 943 974 976 1007
30 16 4 944 975 977 1008
30 17 4 945 976 978 1009
30 18 4 946 977 979 1010
30 19 4 947 978 980 1011
30 20 4 948 979 981 1012
30 21 4 949 980 982 1013
30 22 4 950 981 983 1014
30 23 4 951 982 984 1015
30 24 4 952 983 985 1016
30 25 4 953 984 986 1017
30 26 4 954 985 987 1018
30 27 4 955 986 988 1019
30 28 4 956 987 989 1020
30 29 4 957 988 990 1021
30 30 4 958 989 991 1022
30 31 3 959 990 1023
31 0 2 960 993
31 1 3 961 992 994
31 2 3 962 993 995
31 3 3 963 994 996
31 4 3 964 995 997
31 5 3 965 996 998
31 6 3 966 997 999
31 7 3 967 998 1000
31 8 3 968 999 1001
31 9 3 969 1000 1002
31 10 3 970 1001 1003
31 11 3 971 1002 1004
31 12 3 972 1003 1005
31 13 3 973 1004 1006
31 14 3 974 1005 1007
31 15 3 975 1006 1008
31 16 3 976 1007 1009
31 17 3 977 1008 1010
31 18 3 978 1009 1011
31 19 3 979 1010 1012
31 20 3 980 1011 1013
31 21 3 981 1012 1014
31 22 3 982 1013 1015
31 23 3 983 1014 1016
31 24 3 984 1015 1017
31 25 3 985 1016 1018
31 26 3 986 1017 1019
31 27 3 987 1018 1020
31 28 3 988 1019 1021
31 29 3 989 1020 1022
31 30 3 990 1021 1023
31 31 2 991 1022
