512
32 16
0 0 2 1 32
0 1 3 0 2 33
0 2 3 1 3 34
0 3 3 2 4 35
0 4 3 3 5 36
0 5 3 4 6 37
0 6 3 5 7 38
0 7 3 6 8 39
0 8 3 7 9 40
0 9 3 8 10 41
0 10 3 9 11 42
0 11 3 10 12 43
0 12 3 11 13 44
0 13 3 12 14 45
0 14 3 13 15 46
0 15 3 14 16 47
0 16 3 15 17 48
0 17 3 16 18 49
0 18 3 17 19 50
0 19 3 18 20 51
0 20 3 19 21 52
0 21 3 20 22 53
0 22 3 21 23 54
0 23 3 22 24 55
0 24 3 23 25 56
0 25 3 24 26 57
0 26 3 25 27 58
0 27 3 26 28 59
0 28 3 27 29 60
0 29 3 28 30 61
0 30 3 29 31 62
0 31 2 30 63
1 0 3 0 33 64
1 1 4 1 32 34 65
1 2 4 2 33 35 66
1 3 4 3 34 36 67
1 4 4 4 35 37 68
1 5 4 5 36 38 69
1 6 4 6 37 39 70
1 7 4 7 38 40 71
1 8 4 8 39 41 72
1 9 4 9 40 42 73
1 10 4 10 41 43 74
1 11 4 11 42 44 75
1 12 4 12 43 45 76
1 13 4 13 44 46 77
1 14 4 14 45 47 78
1 15 4 15 46 48 79
1 16 4 16 47 49 80
1 17 4 17 48 50 81
1 18 4 18 49 51 82
1 19 4 19 50 52 83
1 20 4 20 51 53 84
1 21 4 21 52 54 85
1 22 4 22 53 55 86
1 23 4 23 54 56 87
1 24 4 24 55 57 88
1 25 4 25 56 58 89
1 26 4 26 57 59 90
1 27 4 27 58 60 91
1 28 4 28 59 61 92
1 29 4 29 60 62 93
1 30 4 30 61 63 94
1 31 3 31 62 95
2 0 3 32 65 96
2 1 4 33 64 66 97
2 2 4 34 65 67 98
2 3 4 35 66 68 99
2 4 4 36 67 69 100
2 5 4 37 68 70 101
2 6 4 38 69 71 102
2 7 4 39 70 72 103
2 8 4 40 71 73 104
2 9 4 41 72 74 105
2 10 4 42 73 75 106
2 11 4 43 74 76 107
2 12 4 44 75 77 108
2 13 4 45 76 78 109
2 14 4 46 77 79 110
2 15 4 47 78 80 111
2 16 4 48 79 81 112
2 17 4 49 80 82 113
2 18 4 50 81 83 114
2 19 4 51 82 84 115
2 20 4 52 83 85 116
2 21 4 53 84 86 117
2 22 4 54 85 87 118
2 23 4 55 86 88 119
2 24 4 56 87 89 120
2 25 4 57 88 90 121
2 26 4 58 89 91 122
2 27 4 59 90 92 123
2 28 4 60 91 93 124
2 29 4 61 92 94 125
2 30 4 62 93 95 126
2 31 3 63 94 127
3 0 3 64 97 128
3 1 4 65 96 98 129
3 2 4 66 97 99 130
3 3 4 67 98 100 131
3 4 4 68 99 101 132
3 5 4 69 100 102 133
3 6 4 70 101 103 134
3 7 4 71 102 104 135
3 8 4 72 103 105 136
3 9 4 73 104 106 137
3 10 4 74 105 107 138
3 11 4 75 106 108 139
3 12 4 76 107 109 140
3 13 4 77 108 110 141
3 14 4 78 109 111 142
3 15 4 79 110 112 143
3 16 4 80 111 113 144
3 17 4 81 112 114 145
3 18 4 82 113 115 146
3 19 4 83 114 116 147
3 20 4 84 115 117 148
3 21 4 85 116 118 149
3 22 4 86 117 119 150
3 23 4 87 118 120 151
3 24 4 88 119 121 152
3 25 4 89 120 122 153
3 26 4 90 121 123 154
3 27 4 91 122 124 155
3 28 4 92 123 125 156
3 29 4 93 124 126 157
3 30 4 94 125 127 158
3 31 3 95 126 159
4 0 3 96 129 160
4 1 4 97 128 130 161
4 2 4 98 129 131 162
4 3 4 99 130 132 163
4 4 4 100 131 133 164
4 5 4 101 132 134 165
4 6 4 102 133 135 166
4 7 4 103 134 136 167
4 8 4 104 135 137 168
4 9 4 105 136 138 169
4 10 4 106 137 139 170
4 11 4 107 138 140 171
4 12 4 108 139 141 172
4 13 4 109 140 142 173
4 14 4 110 141 143 174
4 15 4 111 142 144 175
4 16 4 112 143 145 176
4 17 4 113 144 146 177
4 18 4 114 145 147 178
4 19 4 115 146 148 179
4 20 4 116 147 149 180
4 21 4 117 148 150 181
4 22 4 118 149 151 182
4 23 4 119 150 152 183
4 24 4 120 151 153 184
4 25 4 121 152 154 185
4 26 4 122 153 155 186
4 27 4 123 154 156 187
4 28 4 124 155 157 188
4 29 4 125 156 158 189
4 30 4 126 157 159 190
4 31 3 127 158 191
5 0 3 128 161 192
5 1 4 129 160 162 193
5 2 4 130 161 163 194
5 3 4 131 162 164 195
5 4 4 132 163 165 196
5 5 4 133 164 166 197
5 6 4 134 165 167 198
5 7 4 135 166 168 199
5 8 4 136 167 169 200
5 9 4 137 168 170 201
5 10 4 138 169 171 202
5 11 4 139 170 172 203
5 12 4 140 171 173 204
5 13 4 141 172 174 205
5 14 4 142 173 175 206
5 15 4 143 174 176 207
5 16 4 144 175 177 208
5 17 4 145 176 178 209
5 18 4 146 177 179 210
5 19 4 147 178 180 211
5 20 4 148 179 181 212
5 21 4 149 180 182 213
5 22 4 150 181 183 214
5 23 4 151 182 184 215
5 24 4 152 183 185 216
5 25 4 153 184 186 217
5 26 4 154 185 187 218
5 27 4 155 186 188 219
5 28 4 156 187 189 220
5 29 4 157 188 190 221
5 30 4 158 189 191 222
5 31 3 159 190 223
6 0 3 160 193 224
6 1 4 161 192 194 225
6 2 4 162 193 195 226
6 3 4 163 194 196 227
6 4 4 164 195 197 228
6 5 4 165 196 198 229
6 6 4 166 197 199 230
6 7 4 167 198 200 231
6 8 4 168 199 201 232
6 9 4 169 200 202 233
6 10 4 170 201 203 234
6 11 4 171 202 204 235
6 12 4 172 203 205 236
6 13 4 173 204 206 237
6 14 4 174 205 207 238
6 15 4 175 206 208 239
6 16 4 176 207 209 240
6 17 4 177 208 210 241
6 18 4 178 209 211 242
6 19 4 179 210 212 243
6 20 4 180 211 213 244
6 21 4 181 212 214 245
6 22 4 182 213 215 246
6 23 4 183 214 216 247
6 24 4 184 215 217 248
6 25 4 185 216 218 249
6 26 4 186 217 219 250
6 27 4 187 218 220 251
6 28 4 188 219 221 252
6 29 4 189 220 222 253
6 30 4 190 221 223 254
6 31 3 191 222 255
7 0 3 192 225 256
7 1 4 193 224 226 257
7 2 4 194 225 227 258
7 3 4 195 226 228 259
7 4 4 196 227 229 260
7 5 4 197 228 230 261
7 6 4 198 229 231 262
7 7 4 199 230 232 263
7 8 4 200 231 233 264
7 9 4 201 232 234 265
7 10 4 202 233 235 266
7 11 4 203 234 236 267
7 12 4 204 235 237 268
7 13 4 205 236 238 269
7 14 4 206 237 239 270
7 15 4 207 238 240 271
7 16 4 208 239 241 272
7 17 4 209 240 242 273
7 18 4 210 241 243 274
7 19 4 211 242 244 275
7 20 4 212 243 245 276
7 21 4 213 244 246 277
7 22 4 214 245 247 278
7 23 4 215 246 248 279
7 24 4 216 247 249 280
7 25 4 217 248 250 281
7 26 4 218 249 251 282
7 27 4 219 250 252 283
7 28 4 220 251 253 284
7 29 4 221 252 254 285
7 30 4 222 253 255 286
7 31 3 223 254 287
8 0 3 224 257 288
8 1 4 225 256 258 289
8 2 4 226 257 259 290
8 3 4 227 258 260 291
8 4 4 228 259 261 292
8 5 4 229 260 262 293
8 6 4 230 261 263 294
8 7 4 231 262 264 295
8 8 4 232 263 265 296
8 9 4 233 264 266 297
8 10 4 234 265 267 298
8 11 4 235 266 268 299
8 12 4 236 267 269 300
8 13 4 237 268 270 301
8 14 4 238 269 271 302
8 15 4 239 270 272 303
8 16 4 240 271 273 304
8 17 4 241 272 274 305
8 18 4 242 273 275 306
8 19 4 243 274 276 307
8 20 4 244 275 277 308
8 21 4 245 276 278 309
8 22 4 246 277 279 310
8 23 4 247 278 280 311
8 24 4 248 279 281 312
8 25 4 249 280 282 313
8 26 4 250 281 283 314
8 27 4 251 282 284 315
8 28 4 252 283 285 316
8 29 4 253 284 286 317
8 30 4 254 285 287 318
8 31 3 255 286 319
9 0 3 256 289 320
9 1 4 257 288 290 321
9 2 4 258 289 291 322
9 3 4 259 290 292 323
9 4 4 260 291 293 324
9 5 4 261 292 294 325
9 6 4 262 293 295 326
9 7 4 263 294 296 327
9 8 4 264 295 297 328
9 9 4 265 296 298 329
9 10 4 266 297 299 330
9 11 4 267 298 300 331
9 12 4 268 299 301 332
9 13 4 269 300 302 333
9 14 4 270 301 303 334
9 15 4 271 302 304 335
9 16 4 272 303 305 336
9 17 4 273 304 306 337
9 18 4 274 305 307 338
9 19 4 275 306 308 339
9 20 4 276 307 309 340
9 21 4 277 308 310 341
9 22 4 278 309 311 342
9 23 4 279 310 312 343
9 24 4 280 311 313 344
9 25 4 281 312 314 345
9 26 4 282 313 315 346
9 27 4 283 314 316 347
9 28 4 284 315 317 348
9 29 4 285 316 318 349
9 30 4 286 317 319 350
9 31 3 287 318 351
10 0 3 288 321 352
10 1 4 289 320 322 353
10 2 4 290 321 323 354
10 3 4 291 322 324 355
10 4 4 292 323 325 356
10 5 4 293 324 326 357
10 6 4 294 325 327 358
10 7 4 295 326 328 359
10 8 4 296 327 329 360
10 9 4 297 328 330 361
10 10 4 298 329 331 362
10 11 4 299 330 332 363
10 12 4 300 331 333 364
10 13 4 301 332 334 365
10 14 4 302 333 335 366
10 15 4 303 334 336 367
10 16 4 304 335 337 368
10 17 4 305 336 338 369
10 18 4 306 337 339 370
10 19 4 307 338 340 371
10 20 4 308 339 341 372
10 21 4 309 340 342 373
10 22 4 310 341 343 374
10 23 4 311 342 344 375
10 24 4 312 343 345 376
10 25 4 313 344 346 377
10 26 4 314 345 347 378
10 27 4 315 346 348 379
10 28 4 316 347 349 380
10 29 4 317 348 350 381
10 30 4 318 349 351 382
10 31 3 319 350 383
11 0 3 320 353 384
11 1 4 321 352 354 385
11 2 4 322 353 355 386
11 3 4 323 354 356 387
11 4 4 324 355 357 388
11 5 4 325 356 358 389
11 6 4 326 357 359 390
11 7 4 327 358 360 391
11 8 4 328 359 361 392
11 9 4 329 360 362 393
11 10 4 330 361 363 394
11 11 4 331 362 364 395
11 12 4 332 363 365 396
11 13 4 333 364 366 397
11 14 4 334 365 367 398
11 15 4 335 366 368 399
11 16 4 336 367 369 400
11 17 4 337 368 370 401
11 18 4 338 369 371 402
11 19 4 339 370 372 403
11 20 4 340 371 373 404
11 21 4 341 372 374 405
11 22 4 342 373 375 406
11 23 4 343 374 376 407
11 24 4 344 375 377 408
11 25 4 345 376 378 409
11 26 4 346 377 379 410
11 27 4 347 378 380 411
11 28 4 348 379 381 412
11 29 4 349 380 382 413
11 30 4 350 381 383 414
11 31 3 351 382 415
12 0 3 352 385 416
12 1 4 353 384 386 417
12 2 4 354 385 387 418
12 3 4 355 386 388 419
12 4 4 356 387 389 420
12 5 4 357 388 390 421
12 6 4 358 389 391 422
12 7 4 359 390 392 423
12 8 4 360 391 393 424
12 9 4 361 392 394 425
12 10 4 362 393 395 426
12 11 4 363 394 396 427
12 12 4 364 395 397 428
12 13 4 365 396 398 429
12 14 4 366 397 399 430
12 15 4 367 398 400 431
12 16 4 368 399 401 432
12 17 4 369 400 402 433
12 18 4 370 401 403 434
12 19 4 371 402 404 435
12 20 4 372 403 405 436
12 21 4 373 404 406 437
12 22 4 374 405 407 438
12 23 4 375 406 408 439
12 24 4 376 407 409 440
12 25 4 377 408 410 441
12 26 4 378 409 411 442
12 27 4 379 410 412 443
12 28 4 380 411 413 444
12 29 4 381 412 414 445
12 30 4 382 413 415 446
12 31 3 383 414 447
13 0 3 384 417 448
13 1 4 385 416 418 449
13 2 4 386 417 419 450
13 3 4 387 418 420 451
13 4 4 388 419 421 452
13 5 4 389 420 422 453
13 6 4 390 421 423 454
13 7 4 391 422 424 455
13 8 4 392 423 425 456
13 9 4 393 424 426 457
13 10 4 394 425 427 458
13 11 4 395 426 428 459
13 12 4 396 427 429 460
13 13 4 397 428 430 461
13 14 4 398 429 431 462
13 15 4 399 430 432 463
13 16 4 400 431 433 464
13 17 4 401 432 434 465
13 18 4 402 433 435 466
13 19 4 403 434 436 467
13 20 4 404 435 437 468
13 21 4 405 436 438 469
13 22 4 406 437 439 470
13 23 4 407 438 440 471
13 24 4 408 439 441 472
13 25 4 409 440 442 473
13 26 4 410 441 443 474
13 27 4 411 442 444 475
13 28 4 412 443 445 476
13 29 4 413 444 446 477
13 30 4 414 445 447 478
13 31 3 415 446 479
14 0 3 416 449 480
14 1 4 417 448 450 481
14 2 4 418 449 451 482
14 3 4 419 450 452 483
14 4 4 420 451 453 484
14 5 4 421 452 454 485
14 6 4 422 453 455 486
14 7 4 423 454 456 487
14 8 4 424 455 457 488
14 9 4 425 456 458 489
14 10 4 426 457 459 490
14 11 4 427 458 460 491
14 12 4 428 459 461 492
14 13 4 429 460 462 493
14 14 4 430 461 463 494
14 15 4 431 462 464 495
14 16 4 432 463 465 496
14 17 4 433 464 466 497
14 18 4 434 465 467 498
14 19 4 435 466 468 499
14 20 4 436 467 469 500
14 21 4 437 468 470 501
14 22 4 438 469 471 502
14 23 4 439 470 472 503
14 24 4 440 471 473 504
14 25 4 441 472 474 505
14 26 4 442 473 475 506
14 27 4 443 474 476 507
14 28 4 444 475 477 508
14 29 4 445 476 478 509
14 30 4 446 477 479 510
14 31 3 447 478 511
15 0 2 448 481
15 1 3 449 480 482
15 2 3 450 481 483
15 3 3 451 482 484
15 4 3 452 483 485
15 5 3 453 484 486
15 6 3 454 485 487
15 7 3 455 486 488
15 8 3 456 487 489
15 9 3 457 488 490
15 10 3 458 489 491
15 11 3 459 490 492
15 12 3 460 491 493
15 13 3 461 492 494
15 14 3 462 493 495
15 15 3 463 494 496
15 16 3 464 495 497
15 17 3 465 496 498
15 18 3 466 497 499
15 19 3 467 498 500
15 20 3 468 499 501
15 21 3 469 500 502
15 22 3 470 501 503
15 23 3 471 502 504
15 24 3 472 503 505
15 25 3 473 504 506
15 26 3 474 505 507
15 27 3 475 506 508
15 28 3 476 507 509
15 29 3 477 508 510
15 30 3 478 509 511
15 31 2 479 510
