512
32 16
0 0 1 1
0 1 2 0 2
0 2 2 1 3
0 3 2 2 4
0 4 2 3 5
0 5 2 4 6
0 6 2 5 7
0 7 2 6 8
0 8 2 7 9
0 9 2 8 10
0 10 2 9 11
0 11 2 10 12
0 12 2 11 13
0 13 2 12 14
0 14 2 13 15
0 15 2 14 16
0 16 2 15 17
0 17 2 16 18
0 18 2 17 19
0 19 2 18 20
0 20 2 19 21
0 21 2 20 22
0 22 2 21 23
0 23 2 22 24
0 24 2 23 25
0 25 2 24 26
0 26 2 25 27
0 27 2 26 28
0 28 2 27 29
0 29 2 28 30
0 30 2 29 31
0 31 2 30 63
1 0 2 33 64
1 1 2 34 32
1 2 2 35 33
1 3 2 36 34
1 4 2 37 35
1 5 2 38 36
1 6 2 39 37
1 7 2 40 38
1 8 2 41 39
1 9 2 42 40
1 10 2 43 41
1 11 2 44 42
1 12 2 45 43
1 13 2 46 44
1 14 2 47 45
1 15 2 48 46
1 16 2 49 47
1 17 2 50 48
1 18 2 51 49
1 19 2 52 50
1 20 2 53 51
1 21 2 54 52
1 22 2 55 53
1 23 2 56 54
1 24 2 57 55
1 25 2 58 56
1 26 2 59 57
1 27 2 60 58
1 28 2 61 59
1 29 2 62 60
1 30 2 63 61
1 31 2 31 62
2 0 2 32 65
2 1 2 64 66
2 2 2 65 67
2 3 2 66 68
2 4 2 67 69
2 5 2 68 70
2 6 2 69 71
2 7 2 70 72
2 8 2 71 73
2 9 2 72 74
2 10 2 73 75
2 11 2 74 76
2 12 2 75 77
2 13 2 76 78
2 14 2 77 79
2 15 2 78 80
2 16 2 79 81
2 17 2 80 82
2 18 2 81 83
2 19 2 82 84
2 20 2 83 85
2 21 2 84 86
2 22 2 85 87
2 23 2 86 88
2 24 2 87 89
2 25 2 88 90
2 26 2 89 91
2 27 2 90 92
2 28 2 91 93
2 29 2 92 94
2 30 2 93 95
2 31 2 94 127
3 0 2 97 128
3 1 2 98 96
3 2 2 99 97
3 3 2 100 98
3 4 2 101 99
3 5 2 102 100
3 6 2 103 101
3 7 2 104 102
3 8 2 105 103
3 9 2 106 104
3 10 2 107 105
3 11 2 108 106
3 12 2 109 107
3 13 2 110 108
3 14 2 111 109
3 15 2 112 110
3 16 2 113 111
3 17 2 114 112
3 18 2 115 113
3 19 2 116 114
3 20 2 117 115
3 21 2 118 116
3 22 2 119 117
3 23 2 120 118
3 24 2 121 119
3 25 2 122 120
3 26 2 123 121
3 27 2 124 122
3 28 2 125 123
3 29 2 126 124
3 30 2 127 125
3 31 2 95 126
4 0 2 96 129
4 1 2 128 130
4 2 2 129 131
4 3 2 130 132
4 4 2 131 133
4 5 2 132 134
4 6 2 133 135
4 7 2 134 136
4 8 2 135 137
4 9 2 136 138
4 10 2 137 139
4 11 2 138 140
4 12 2 139 141
4 13 2 140 142
4 14 2 141 143
4 15 2 142 144
4 16 2 143 145
4 17 2 144 146
4 18 2 145 147
4 19 2 146 148
4 20 2 147 149
4 21 2 148 150
4 22 2 149 151
4 23 2 150 152
4 24 2 151 153
4 25 2 152 154
4 26 2 153 155
4 27 2 154 156
4 28 2 155 157
4 29 2 156 158
4 30 2 157 159
4 31 2 158 191
5 0 2 161 192
5 1 2 162 160
5 2 2 163 161
5 3 2 164 162
5 4 2 165 163
5 5 2 166 164
5 6 2 167 165
5 7 2 168 166
5 8 2 169 167
5 9 2 170 168
5 10 2 171 169
5 11 2 172 170
5 12 2 173 171
5 13 2 174 172
5 14 2 175 173
5 15 2 176 174
5 16 2 177 175
5 17 2 178 176
5 18 2 179 177
5 19 2 180 178
5 20 2 181 179
5 21 2 182 180
5 22 2 183 181
5 23 2 184 182
5 24 2 185 183
5 25 2 186 184
5 26 2 187 185
5 27 2 188 186
5 28 2 189 187
5 29 2 190 188
5 30 2 191 189
5 31 2 159 190
6 0 2 160 193
6 1 2 192 194
6 2 2 193 195
6 3 2 194 196
6 4 2 195 197
6 5 2 196 198
6 6 2 197 199
6 7 2 198 200
6 8 2 199 201
6 9 2 200 202
6 10 2 201 203
6 11 2 202 204
6 12 2 203 205
6 13 2 204 206
6 14 2 205 207
6 15 2 206 208
6 16 2 207 209
6 17 2 208 210
6 18 2 209 211
6 19 2 210 212
6 20 2 211 213
6 21 2 212 214
6 22 2 213 215
6 23 2 214 216
6 24 2 215 217
6 25 2 216 218
6 26 2 217 219
6 27 2 218 220
6 28 2 219 221
6 29 2 220 222
6 30 2 221 223
6 31 2 222 255
7 0 2 225 256
7 1 2 226 224
7 2 2 227 225
7 3 2 228 226
7 4 2 229 227
7 5 2 230 228
7 6 2 231 229
7 7 2 232 230
7 8 2 233 231
7 9 2 234 232
7 10 2 235 233
7 11 2 236 234
7 12 2 237 235
7 13 2 238 236
7 14 2 239 237
7 15 2 240 238
7 16 2 241 239
7 17 2 242 240
7 18 2 243 241
7 19 2 244 242
7 20 2 245 243
7 21 2 246 244
7 22 2 247 245
7 23 2 248 246
7 24 2 249 247
7 25 2 250 248
7 26 2 251 249
7 27 2 252 250
7 28 2 253 251
7 29 2 254 252
7 30 2 255 253
7 31 2 223 254
8 0 2 224 257
8 1 2 256 258
8 2 2 257 259
8 3 2 258 260
8 4 2 259 261
8 5 2 260 262
8 6 2 261 263
8 7 2 262 264
8 8 2 263 265
8 9 2 264 266
8 10 2 265 267
8 11 2 266 268
8 12 2 267 269
8 13 2 268 270
8 14 2 269 271
8 15 2 270 272
8 16 2 271 273
8 17 2 272 274
8 18 2 273 275
8 19 2 274 276
8 20 2 275 277
8 21 2 276 278
8 22 2 277 279
8 23 2 278 280
8 24 2 279 281
8 25 2 280 282
8 26 2 281 283
8 27 2 282 284
8 28 2 283 285
8 29 2 284 286
8 30 2 285 287
8 31 2 286 319
9 0 2 289 320
9 1 2 290 288
9 2 2 291 289
9 3 2 292 290
9 4 2 293 291
9 5 2 294 292
9 6 2 295 293
9 7 2 296 294
9 8 2 297 295
9 9 2 298 296
9 10 2 299 297
9 11 2 300 298
9 12 2 301 299
9 13 2 302 300
9 14 2 303 301
9 15 2 304 302
9 16 2 305 303
9 17 2 306 304
9 18 2 307 305
9 19 2 308 306
9 20 2 309 307
9 21 2 310 308
9 22 2 311 309
9 23 2 312 310
9 24 2 313 311
9 25 2 314 312
9 26 2 315 313
9 27 2 316 314
9 28 2 317 315
9 29 2 318 316
9 30 2 319 317
9 31 2 287 318
10 0 2 288 321
10 1 2 320 322
10 2 2 321 323
10 3 2 322 324
10 4 2 323 325
10 5 2 324 326
10 6 2 325 327
10 7 2 326 328
10 8 2 327 329
10 9 2 328 330
10 10 2 329 331
10 11 2 330 332
10 12 2 331 333
10 13 2 332 334
10 14 2 333 335
10 15 2 334 336
10 16 2 335 337
10 17 2 336 338
10 18 2 337 339
10 19 2 338 340
10 20 2 339 341
10 21 2 340 342
10 22 2 341 343
10 23 2 342 344
10 24 2 343 345
10 25 2 344 346
10 26 2 345 347
10 27 2 346 348
10 28 2 347 349
10 29 2 348 350
10 30 2 349 351
10 31 2 350 383
11 0 2 353 384
11 1 2 354 352
11 2 2 355 353
11 3 2 356 354
11 4 2 357 355
11 5 2 358 356
11 6 2 359 357
11 7 2 360 358
11 8 2 361 359
11 9 2 362 360
11 10 2 363 361
11 11 2 364 362
11 12 2 365 363
11 13 2 366 364
11 14 2 367 365
11 15 2 368 366
11 16 2 369 367
11 17 2 370 368
11 18 2 371 369
11 19 2 372 370
11 20 2 373 371
11 21 2 374 372
11 22 2 375 373
11 23 2 376 374
11 24 2 377 375
11 25 2 378 376
11 26 2 379 377
11 27 2 380 378
11 28 2 381 379
11 29 2 382 380
11 30 2 383 381
11 31 2 351 382
12 0 2 352 385
12 1 2 384 386
12 2 2 385 387
12 3 2 386 388
12 4 2 387 389
12 5 2 388 390
12 6 2 389 391
12 7 2 390 392
12 8 2 391 393
12 9 2 392 394
12 10 2 393 395
12 11 2 394 396
12 12 2 395 397
12 13 2 396 398
12 14 2 397 399
12 15 2 398 400
12 16 2 399 401
12 17 2 400 402
12 18 2 401 403
12 19 2 402 404
12 20 2 403 405
12 21 2 404 406
12 22 2 405 407
12 23 2 406 408
12 24 2 407 409
12 25 2 408 410
12 26 2 409 411
12 27 2 410 412
12 28 2 411 413
12 29 2 412 414
12 30 2 413 415
12 31 2 414 447
13 0 2 417 448
13 1 2 418 416
13 2 2 419 417
13 3 2 420 418
13 4 2 421 419
13 5 2 422 420
13 6 2 423 421
13 7 2 424 422
13 8 2 425 423
13 9 2 426 424
13 10 2 427 425
13 11 2 428 426
13 12 2 429 427
13 13 2 430 428
13 14 2 431 429
13 15 2 432 430
13 16 2 433 431
13 17 2 434 432
13 18 2 435 433
13 19 2 436 434
13 20 2 437 435
13 21 2 438 436
13 22 2 439 437
13 23 2 440 438
13 24 2 441 439
13 25 2 442 440
13 26 2 443 441
13 27 2 444 442
13 28 2 445 443
13 29 2 446 444
13 30 2 447 445
13 31 2 415 446
14 0 2 416 449
14 1 2 448 450
14 2 2 449 451
14 3 2 450 452
14 4 2 451 453
14 5 2 452 454
14 6 2 453 455
14 7 2 454 456
14 8 2 455 457
14 9 2 456 458
14 10 2 457 459
14 11 2 458 460
14 12 2 459 461
14 13 2 460 462
14 14 2 461 463
14 15 2 462 464
14 16 2 463 465
14 17 2 464 466
14 18 2 465 467
14 19 2 466 468
14 20 2 467 469
14 21 2 468 470
14 22 2 469 471
14 23 2 470 472
14 24 2 471 473
14 25 2 472 474
14 26 2 473 475
14 27 2 474 476
14 28 2 475 477
14 29 2 476 478
14 30 2 477 479
14 31 2 478 511
15 0 1 481
15 1 2 482 480
15 2 2 483 481
15 3 2 484 482
15 4 2 485 483
15 5 2 486 484
15 6 2 487 485
15 7 2 488 486
15 8 2 489 487
15 9 2 490 488
15 10 2 491 489
15 11 2 492 490
15 12 2 493 491
15 13 2 494 492
15 14 2 495 493
15 15 2 496 494
15 16 2 497 495
15 17 2 498 496
15 18 2 499 497
15 19 2 500 498
15 20 2 501 499
15 21 2 502 500
15 22 2 503 501
15 23 2 504 502
15 24 2 505 503
15 25 2 506 504
15 26 2 507 505
15 27 2 508 506
15 28 2 509 507
15 29 2 510 508
15 30 2 511 509
15 31 2 479 510
