128
16 8
3 12 58 62
1 56
1 86
1 112
6 22 58 87 105 108 113
4 63 89 91 120
7 47 60 78 95 100 113 127
3 90 110 111
0 
4 49 89 114 118
2 57 68
2 30 124
8 0 38 67 101 106 113 119 127
4 23 45 53 123
2 51 53
2 53 101
3 53 80 122
1 116
2 31 117
5 20 35 53 60 107
4 19 29 42 86
0 
4 4 50 91 108
2 13 71
3 35 45 89
2 44 110
6 36 55 64 82 101 111
1 107
3 38 51 68
2 20 89
2 11 111
3 18 42 59
2 73 102
0 
2 66 106
3 19 24 57
3 26 47 119
0 
7 12 28 39 69 87 88 105
3 38 105 107
3 47 57 98
1 115
5 20 31 44 55 91
3 63 68 91
5 25 42 73 88 111
2 13 24
0 
3 6 36 40
3 49 55 94
5 9 48 92 113 122
2 22 64
7 14 28 88 90 104 107 119
4 97 104 115 120
8 13 14 15 16 19 101 124 126
1 89
3 26 42 48
2 1 98
5 10 35 40 74 127
3 0 4 126
2 31 77
3 6 19 125
1 88
1 0
3 5 43 79
3 26 50 103
1 72
2 34 105
3 12 69 79
4 10 28 43 105
5 38 67 71 72 91
4 78 100 110 118
5 23 69 106 115 120
3 65 69 88
3 32 44 125
3 57 79 92
2 84 125
4 86 111 115 126
2 59 84
2 6 70
5 63 67 74 101 123
2 16 116
0 
1 26
3 89 102 107
2 75 77
1 113
5 2 20 76 111 116
2 4 38
8 38 44 51 61 72 94 120 122
6 5 9 24 29 54 83
2 7 51
7 5 22 42 43 69 106 119
2 49 74
0 
2 48 88
1 6
3 97 105 107
2 52 96
3 40 56 109
1 111
3 6 70 109
5 12 15 26 53 79
2 32 83
1 64
2 51 52
6 4 38 39 66 68 96
5 12 34 71 91 110
6 19 27 39 51 83 96
2 4 22
2 98 100
4 7 25 70 106
8 7 26 30 44 76 86 99 120
4 3 116 120 123
5 4 6 12 49 85
1 9
4 41 52 71 76
5 17 80 86 112 121
1 18
2 9 70
4 12 36 51 91
6 5 52 71 88 111 112
1 116
3 16 49 88
3 13 79 112
2 11 53
3 60 73 75
3 53 58 76
3 6 12 57
