128
16 8
1 1
2 0 2
2 1 3
2 2 4
2 3 5
2 4 6
2 5 7
2 6 8
2 7 9
2 8 10
2 9 11
2 10 12
2 11 13
2 12 14
2 13 15
2 14 31
2 17 32
2 18 16
2 19 17
2 20 18
2 21 19
2 22 20
2 23 21
2 24 22
2 25 23
2 26 24
2 27 25
2 28 26
2 29 27
2 30 28
2 31 29
2 15 30
2 16 33
2 32 34
2 33 35
2 34 36
2 35 37
2 36 38
2 37 39
2 38 40
2 39 41
2 40 42
2 41 43
2 42 44
2 43 45
2 44 46
2 45 47
2 46 63
2 49 64
2 50 48
2 51 49
2 52 50
2 53 51
2 54 52
2 55 53
2 56 54
2 57 55
2 58 56
2 59 57
2 60 58
2 61 59
2 62 60
2 63 61
2 47 62
2 48 65
2 64 66
2 65 67
2 66 68
2 67 69
2 68 70
2 69 71
2 70 72
2 71 73
2 72 74
2 73 75
2 74 76
2 75 77
2 76 78
2 77 79
2 78 95
2 81 96
2 82 80
2 83 81
2 84 82
2 85 83
2 86 84
2 87 85
2 88 86
2 89 87
2 90 88
2 91 89
2 92 90
2 93 91
2 94 92
2 95 93
2 79 94
2 80 97
2 96 98
2 97 99
2 98 100
2 99 101
2 100 102
2 101 103
2 102 104
2 103 105
2 104 106
2 105 107
2 106 108
2 107 109
2 108 110
2 109 111
2 110 127
1 113
2 114 112
2 115 113
2 116 114
2 117 115
2 118 116
2 119 117
2 120 118
2 121 119
2 122 120
2 123 121
2 124 122
2 125 123
2 126 124
2 127 125
2 111 126
