50
8 8
2 19 48
2 28 42
0 
3 11 22 41
2 29 35
2 14 49
3 12 27 49
4 11 36 43 49
2 31 49
0 
2 17 43
4 3 7 18 20
4 6 27 33 48
2 33 46
5 5 19 31 32 38
2 41 43
2 47 49
3 10 34 42
3 11 30 33
3 0 14 37
4 11 41 44 46
3 31 38 40
2 3 24
4 24 30 32 35
3 22 23 30
0 
2 31 39
4 6 12 33 49
4 1 32 41 45
2 4 37
4 18 23 24 34
4 8 14 21 26
5 14 23 28 39 42
4 12 13 18 27
3 17 30 36
4 4 23 40 46
2 7 34
4 19 29 47 48
2 14 21
2 26 32
3 21 35 46
4 3 15 20 28
3 1 17 32
5 7 10 15 44 48
2 20 43
1 28
4 13 20 35 40
2 16 37
4 0 12 37 43
6 5 6 7 8 16 27
