512
32 16
0 
6 101 124 144 193 422 453
1 358
4 241 328 358 403
2 15 403
4 189 404 427 433
4 127 190 197 306
2 380 493
3 45 52 463
6 71 164 221 285 316 420
2 275 438
3 203 225 243
2 290 464
3 180 389 462
7 57 71 84 263 269 298 336
4 4 21 371 385
3 265 314 448
6 289 328 331 411 417 435
3 72 87 102
0 
3 44 334 483
8 15 95 116 117 232 299 327 456
1 42
0 
5 64 132 290 354 493
6 152 371 392 399 464 499
2 94 342
1 334
0 
3 89 421 447
3 253 360 413
1 100
0 
1 210
5 108 131 217 303 360
5 75 148 208 261 349
2 354 511
1 443
5 95 165 401 486 506
4 64 165 244 377
1 466
4 63 113 139 224
3 22 436 501
4 99 142 286 429
3 20 122 270
3 8 70 224
6 127 368 380 400 404 419
5 62 84 96 287 329
2 60 359
5 61 124 236 312 407
1 272
1 432
6 8 212 276 343 376 434
1 294
2 184 323
1 255
5 148 304 375 413 429
5 14 237 240 344 358
1 104
2 297 427
2 48 254
4 49 255 284 405
4 47 93 310 313
6 41 167 273 334 364 474
5 24 39 363 417 467
1 325
2 189 452
4 129 266 308 387
6 225 320 346 412 471 489
4 146 314 428 492
2 45 505
4 9 14 192 318
1 18
3 199 233 414
1 317
5 35 110 283 292 350
5 131 369 450 465 486
1 509
0 
0 
3 221 293 481
1 151
2 328 333
5 206 360 376 439 452
4 14 47 290 483
1 359
2 132 218
3 18 109 176
1 255
6 29 92 176 455 477 493
1 492
2 182 238
3 89 312 408
2 62 329
3 26 324 469
3 21 38 382
6 47 134 149 241 366 457
0 
1 157
2 43 393
4 31 295 317 481
5 1 236 278 321 361
4 18 246 339 510
2 388 391
4 58 180 271 273
1 498
2 148 233
2 260 315
7 34 200 227 231 269 274 351
7 87 118 135 350 363 393 471
2 75 398
3 225 241 325
2 177 187
2 41 380
2 151 470
0 
2 21 356
5 21 126 185 310 495
6 109 184 260 346 408 464
6 124 248 302 333 483 499
3 204 306 409
3 297 432 500
8 44 248 302 330 407 449 495 506
2 157 390
5 1 49 119 274 444
2 186 204
3 117 346 356
5 6 46 160 408 475
2 129 438
2 67 128
2 198 202
5 34 76 137 241 414
3 24 86 269
1 463
2 96 434
6 109 188 207 210 382 418
0 
2 131 325
4 287 311 406 497
6 41 157 233 254 370 381
7 164 193 194 358 363 419 507
7 179 237 282 339 360 449 504
3 43 248 338
1 169
2 1 231
4 258 422 483 507
3 69 269 316
1 341
6 35 56 106 294 333 505
5 96 282 355 385 472
3 198 270 307
3 81 114 409
3 25 210 359
0 
0 
5 209 219 292 411 496
2 254 331
5 98 123 139 344 493
1 415
3 180 263 500
4 127 277 379 455
4 348 450 457 489
2 268 435
0 
2 9 140
4 38 39 170 227
0 
4 63 345 454 461
0 
3 143 312 317
3 165 199 202
3 288 292 325
5 268 278 349 411 441
3 226 312 463
2 392 424
5 227 329 347 356 394
3 87 89 369
3 112 410 430
2 243 488
2 141 235
4 13 104 159 204
2 368 415
3 91 226 482
0 
3 54 118 364
5 117 206 234 417 436
3 125 394 453
4 112 335 372 388
2 135 190
3 5 66 487
4 6 188 397 466
2 365 482
5 71 289 368 479 503
5 1 140 235 341 403
4 140 413 427 487
6 229 283 311 371 389 447
1 438
1 6
4 130 150 387 408
2 73 170
2 108 293
2 491 492
3 130 170 340
2 11 501
6 120 125 180 232 235 411
1 386
4 83 185 237 256
1 135
2 35 503
5 155 308 309 396 490
6 33 135 152 253 254 407
3 329 390 408
2 52 312
2 366 388
3 266 317 413
2 225 311
2 281 391
3 34 397 452
2 86 427
3 155 362 376
0 
5 9 80 224 257 379
1 246
2 228 477
5 41 45 221 319 494
5 11 68 111 215 488
4 173 182 309 381
5 108 165 175 254 488
2 223 361
4 195 242 258 260
1 303
5 108 144 340 376 454
4 21 204 373 467
4 73 106 139 454
3 185 419 475
6 179 193 204 264 281 373
2 49 101
5 57 141 206 309 391
5 91 242 247 253 446
2 289 398
2 57 267
6 3 96 111 131 413 471
4 229 238 392 445
5 11 178 255 274 309
1 39
3 344 393 486
2 102 222
2 238 331
3 119 122 142
0 
0 
0 
2 395 501
5 30 210 238 287 402
7 60 139 156 210 227 260 478
10 55 61 88 243 322 346 348 386 455 484
2 206 478
2 221 438
6 145 229 277 296 438 483
3 265 278 504
5 107 118 229 254 310
1 35
0 
6 14 159 295 322 379 383
3 235 323 401
6 16 259 344 429 440 456
5 67 214 317 380 495
2 240 313
2 162 172
6 14 108 132 146 409 415
2 44 150
2 104 505
3 50 489 505
4 63 104 421 508
5 108 124 243 288 361
6 10 285 293 324 370 399
3 52 292 340
2 160 258
5 101 172 259 356 395
0 
0 
4 216 235 394 412
5 141 149 356 418 447
3 75 195 476
2 61 431
3 9 275 367
1 43
5 47 138 253 323 450
2 171 274
4 17 192 239 473
3 12 24 84
1 400
7 75 155 171 276 339 347 400
4 80 200 275 304
4 53 148 368 377
3 100 263 424
4 258 304 375 383
3 59 121 372
1 14
4 21 306 384 392
1 320
0 
2 119 122
2 34 230
4 56 293 296 461
1 353
5 6 120 299 326 357
1 150
5 67 209 377 430 436
7 209 226 237 243 370 456 486
5 62 117 260 365 483
3 138 195 215
7 49 92 169 173 212 313 366
6 62 267 312 332 359 452
2 16 69
1 107
3 9 146 424
6 74 100 169 214 266 321
1 71
3 224 359 448
4 68 300 427 498
5 101 317 472 508 510
5 255 263 368 388 461
4 54 264 287 371
2 94 275
4 65 111 137 171
2 306 442
1 21
3 3 17 82
4 47 93 175 211
4 122 409 420 431
4 17 156 247 449
2 313 446
4 82 119 148 482
5 20 27 63 454 490
2 187 461
1 14
1 400
1 142
5 102 141 292 385 505
3 202 231 276
6 147 193 384 400 415 464
2 26 490
1 52
4 57 157 245 265
2 167 361
6 68 118 126 255 459 483
3 175 292 421
2 161 255
3 35 172 405
5 75 109 424 462 463
3 108 359 500
0 
1 305
3 24 36 445
2 149 392
6 116 126 175 278 282 489
2 306 388
4 2 3 57 140
8 48 85 152 313 319 351 427 467
4 30 34 83 141
4 101 228 274 345
2 219 472
3 64 109 140
2 63 184
2 191 310
3 96 213 312
3 285 387 397
6 46 181 192 294 322 491
3 76 176 456
3 139 275 309
6 15 25 195 323 402 464
3 187 297 462
3 232 235 496
0 
2 56 296
4 52 83 219 231
3 39 294 308
1 469
4 160 221 263 444
4 7 46 113 266
3 139 226 458
3 95 135 408
3 263 296 493
3 299 341 495
3 15 149 339
2 205 255
3 67 198 367
6 103 187 213 322 357 489
3 13 195 477
2 123 211
3 103 216 237
6 25 174 242 299 355 511
3 99 109 245
5 175 186 281 467 508
3 252 278 486
3 209 400 425
3 190 217 367
3 110 239 481
2 25 275
6 46 291 292 337 341 396
3 38 264 478
2 253 371
3 3 4 193
6 5 46 446 497 505 507
2 61 349
2 138 410
3 49 122 210
6 92 118 127 198 211 382
6 120 151 269 330 430 483
2 177 406
4 17 155 172 204
3 68 281 419
5 30 56 194 214 241
3 73 131 469
4 158 181 269 341
1 430
3 17 64 185
2 135 282
4 46 140 234 412
2 9 330
3 29 273 347
3 1 145 448
0 
4 174 295 316 350
1 396
0 
8 5 59 194 218 320 359 436 489
1 69
4 43 56 265 454
5 177 308 409 416 476
2 284 330
2 51 121
1 5
2 52 134
2 17 162
4 42 185 308 427
0 
6 10 128 196 257 258 442
1 83
1 265
1 172
2 326 438
3 37 451 467
3 124 379 453
2 242 354
3 238 332 404
3 29 195 282
3 16 319 422
3 122 141 331
3 76 161 287
2 443 478
4 66 83 217 313
3 1 186 444
5 167 231 233 334 429
3 89 160 255
6 21 265 309 369 472 500
2 96 161
2 381 490
1 346
0 
4 167 304 322 335
4 13 350 372 484
4 8 133 173 350
5 12 25 118 341 371
1 76
2 40 190
5 64 232 359 394 443
0 
3 94 378 414
1 114
3 68 109 241
4 149 321 362 456
1 289
1 63
2 127 234
2 283 430
3 89 223 389
4 254 256 401 451
1 192
0 
3 80 100 398
3 182 191 333
8 20 84 119 145 258 310 346 409
2 255 462
0 
5 38 76 245 309 395
2 189 194
3 178 225 227
6 68 161 272 356 388 427
4 209 334 342 458
2 201 368
3 69 90 201
5 7 24 89 157 383
1 224
4 117 122 266 384
2 155 373
2 138 404
2 105 320
2 25 119
4 121 159 351 456
3 42 203 252
0 
2 192 208
2 141 259
6 70 148 271 272 339 404
2 38 122
3 140 145 404
3 273 321 394
1 77
2 102 321
2 36 392
