1024
32 32
1 1
2 0 2
2 1 3
2 2 4
2 3 5
2 4 6
2 5 7
2 6 8
2 7 9
2 8 10
2 9 11
2 10 12
2 11 13
2 12 14
2 13 15
2 14 16
2 15 17
2 16 18
2 17 19
2 18 20
2 19 21
2 20 22
2 21 23
2 22 24
2 23 25
2 24 26
2 25 27
2 26 28
2 27 29
2 28 30
2 29 31
2 30 63
2 33 64
2 34 32
2 35 33
2 36 34
2 37 35
2 38 36
2 39 37
2 40 38
2 41 39
2 42 40
2 43 41
2 44 42
2 45 43
2 46 44
2 47 45
2 48 46
2 49 47
2 50 48
2 51 49
2 52 50
2 53 51
2 54 52
2 55 53
2 56 54
2 57 55
2 58 56
2 59 57
2 60 58
2 61 59
2 62 60
2 63 61
2 31 62
2 32 65
2 64 66
2 65 67
2 66 68
2 67 69
2 68 70
2 69 71
2 70 72
2 71 73
2 72 74
2 73 75
2 74 76
2 75 77
2 76 78
2 77 79
2 78 80
2 79 81
2 80 82
2 81 83
2 82 84
2 83 85
2 84 86
2 85 87
2 86 88
2 87 89
2 88 90
2 89 91
2 90 92
2 91 93
2 92 94
2 93 95
2 94 127
2 97 128
2 98 96
2 99 97
2 100 98
2 101 99
2 102 100
2 103 101
2 104 102
2 105 103
2 106 104
2 107 105
2 108 106
2 109 107
2 110 108
2 111 109
2 112 110
2 113 111
2 114 112
2 115 113
2 116 114
2 117 115
2 118 116
2 119 117
2 120 118
2 121 119
2 122 120
2 123 121
2 124 122
2 125 123
2 126 124
2 127 125
2 95 126
2 96 129
2 128 130
2 129 131
2 130 132
2 131 133
2 132 134
2 133 135
2 134 136
2 135 137
2 136 138
2 137 139
2 138 140
2 139 141
2 140 142
2 141 143
2 142 144
2 143 145
2 144 146
2 145 147
2 146 148
2 147 149
2 148 150
2 149 151
2 150 152
2 151 153
2 152 154
2 153 155
2 154 156
2 155 157
2 156 158
2 157 159
2 158 191
2 161 192
2 162 160
2 163 161
2 164 162
2 165 163
2 166 164
2 167 165
2 168 166
2 169 167
2 170 168
2 171 169
2 172 170
2 173 171
2 174 172
2 175 173
2 176 174
2 177 175
2 178 176
2 179 177
2 180 178
2 181 179
2 182 180
2 183 181
2 184 182
2 185 183
2 186 184
2 187 185
2 188 186
2 189 187
2 190 188
2 191 189
2 159 190
2 160 193
2 192 194
2 193 195
2 194 196
2 195 197
2 196 198
2 197 199
2 198 200
2 199 201
2 200 202
2 201 203
2 202 204
2 203 205
2 204 206
2 205 207
2 206 208
2 207 209
2 208 210
2 209 211
2 210 212
2 211 213
2 212 214
2 213 215
2 214 216
2 215 217
2 216 218
2 217 219
2 218 220
2 219 221
2 220 222
2 221 223
2 222 255
2 225 256
2 226 224
2 227 225
2 228 226
2 229 227
2 230 228
2 231 229
2 232 230
2 233 231
2 234 232
2 235 233
2 236 234
2 237 235
2 238 236
2 239 237
2 240 238
2 241 239
2 242 240
2 243 241
2 244 242
2 245 243
2 246 244
2 247 245
2 248 246
2 249 247
2 250 248
2 251 249
2 252 250
2 253 251
2 254 252
2 255 253
2 223 254
2 224 257
2 256 258
2 257 259
2 258 260
2 259 261
2 260 262
2 261 263
2 262 264
2 263 265
2 264 266
2 265 267
2 266 268
2 267 269
2 268 270
2 269 271
2 270 272
2 271 273
2 272 274
2 273 275
2 274 276
2 275 277
2 276 278
2 277 279
2 278 280
2 279 281
2 280 282
2 281 283
2 282 284
2 283 285
2 284 286
2 285 287
2 286 319
2 289 320
2 290 288
2 291 289
2 292 290
2 293 291
2 294 292
2 295 293
2 296 294
2 297 295
2 298 296
2 299 297
2 300 298
2 301 299
2 302 300
2 303 301
2 304 302
2 305 303
2 306 304
2 307 305
2 308 306
2 309 307
2 310 308
2 311 309
2 312 310
2 313 311
2 314 312
2 315 313
2 316 314
2 317 315
2 318 316
2 319 317
2 287 318
2 288 321
2 320 322
2 321 323
2 322 324
2 323 325
2 324 326
2 325 327
2 326 328
2 327 329
2 328 330
2 329 331
2 330 332
2 331 333
2 332 334
2 333 335
2 334 336
2 335 337
2 336 338
2 337 339
2 338 340
2 339 341
2 340 342
2 341 343
2 342 344
2 343 345
2 344 346
2 345 347
2 346 348
2 347 349
2 348 350
2 349 351
2 350 383
2 353 384
2 354 352
2 355 353
2 356 354
2 357 355
2 358 356
2 359 357
2 360 358
2 361 359
2 362 360
2 363 361
2 364 362
2 365 363
2 366 364
2 367 365
2 368 366
2 369 367
2 370 368
2 371 369
2 372 370
2 373 371
2 374 372
2 375 373
2 376 374
2 377 375
2 378 376
2 379 377
2 380 378
2 381 379
2 382 380
2 383 381
2 351 382
2 352 385
2 384 386
2 385 387
2 386 388
2 387 389
2 388 390
2 389 391
2 390 392
2 391 393
2 392 394
2 393 395
2 394 396
2 395 397
2 396 398
2 397 399
2 398 400
2 399 401
2 400 402
2 401 403
2 402 404
2 403 405
2 404 406
2 405 407
2 406 408
2 407 409
2 408 410
2 409 411
2 410 412
2 411 413
2 412 414
2 413 415
2 414 447
2 417 448
2 418 416
2 419 417
2 420 418
2 421 419
2 422 420
2 423 421
2 424 422
2 425 423
2 426 424
2 427 425
2 428 426
2 429 427
2 430 428
2 431 429
2 432 430
2 433 431
2 434 432
2 435 433
2 436 434
2 437 435
2 438 436
2 439 437
2 440 438
2 441 439
2 442 440
2 443 441
2 444 442
2 445 443
2 446 444
2 447 445
2 415 446
2 416 449
2 448 450
2 449 451
2 450 452
2 451 453
2 452 454
2 453 455
2 454 456
2 455 457
2 456 458
2 457 459
2 458 460
2 459 461
2 460 462
2 461 463
2 462 464
2 463 465
2 464 466
2 465 467
2 466 468
2 467 469
2 468 470
2 469 471
2 470 472
2 471 473
2 472 474
2 473 475
2 474 476
2 475 477
2 476 478
2 477 479
2 478 511
2 481 512
2 482 480
2 483 481
2 484 482
2 485 483
2 486 484
2 487 485
2 488 486
2 489 487
2 490 488
2 491 489
2 492 490
2 493 491
2 494 492
2 495 493
2 496 494
2 497 495
2 498 496
2 499 497
2 500 498
2 501 499
2 502 500
2 503 501
2 504 502
2 505 503
2 506 504
2 507 505
2 508 506
2 509 507
2 510 508
2 511 509
2 479 510
2 480 513
2 512 514
2 513 515
2 514 516
2 515 517
2 516 518
2 517 519
2 518 520
2 519 521
2 520 522
2 521 523
2 522 524
2 523 525
2 524 526
2 525 527
2 526 528
2 527 529
2 528 530
2 529 531
2 530 532
2 531 533
2 532 534
2 533 535
2 534 536
2 535 537
2 536 538
2 537 539
2 538 540
2 539 541
2 540 542
2 541 543
2 542 575
2 545 576
2 546 544
2 547 545
2 548 546
2 549 547
2 550 548
2 551 549
2 552 550
2 553 551
2 554 552
2 555 553
2 556 554
2 557 555
2 558 556
2 559 557
2 560 558
2 561 559
2 562 560
2 563 561
2 564 562
2 565 563
2 566 564
2 567 565
2 568 566
2 569 567
2 570 568
2 571 569
2 572 570
2 573 571
2 574 572
2 575 573
2 543 574
2 544 577
2 576 578
2 577 579
2 578 580
2 579 581
2 580 582
2 581 583
2 582 584
2 583 585
2 584 586
2 585 587
2 586 588
2 587 589
2 588 590
2 589 591
2 590 592
2 591 593
2 592 594
2 593 595
2 594 596
2 595 597
2 596 598
2 597 599
2 598 600
2 599 601
2 600 602
2 601 603
2 602 604
2 603 605
2 604 606
2 605 607
2 606 639
2 609 640
2 610 608
2 611 609
2 612 610
2 613 611
2 614 612
2 615 613
2 616 614
2 617 615
2 618 616
2 619 617
2 620 618
2 621 619
2 622 620
2 623 621
2 624 622
2 625 623
2 626 624
2 627 625
2 628 626
2 629 627
2 630 628
2 631 629
2 632 630
2 633 631
2 634 632
2 635 633
2 636 634
2 637 635
2 638 636
2 639 637
2 607 638
2 608 641
2 640 642
2 641 643
2 642 644
2 643 645
2 644 646
2 645 647
2 646 648
2 647 649
2 648 650
2 649 651
2 650 652
2 651 653
2 652 654
2 653 655
2 654 656
2 655 657
2 656 658
2 657 659
2 658 660
2 659 661
2 660 662
2 661 663
2 662 664
2 663 665
2 664 666
2 665 667
2 666 668
2 667 669
2 668 670
2 669 671
2 670 703
2 673 704
2 674 672
2 675 673
2 676 674
2 677 675
2 678 676
2 679 677
2 680 678
2 681 679
2 682 680
2 683 681
2 684 682
2 685 683
2 686 684
2 687 685
2 688 686
2 689 687
2 690 688
2 691 689
2 692 690
2 693 691
2 694 692
2 695 693
2 696 694
2 697 695
2 698 696
2 699 697
2 700 698
2 701 699
2 702 700
2 703 701
2 671 702
2 672 705
2 704 706
2 705 707
2 706 708
2 707 709
2 708 710
2 709 711
2 710 712
2 711 713
2 712 714
2 713 715
2 714 716
2 715 717
2 716 718
2 717 719
2 718 720
2 719 721
2 720 722
2 721 723
2 722 724
2 723 725
2 724 726
2 725 727
2 726 728
2 727 729
2 728 730
2 729 731
2 730 732
2 731 733
2 732 734
2 733 735
2 734 767
2 737 768
2 738 736
2 739 737
2 740 738
2 741 739
2 742 740
2 743 741
2 744 742
2 745 743
2 746 744
2 747 745
2 748 746
2 749 747
2 750 748
2 751 749
2 752 750
2 753 751
2 754 752
2 755 753
2 756 754
2 757 755
2 758 756
2 759 757
2 760 758
2 761 759
2 762 760
2 763 761
2 764 762
2 765 763
2 766 764
2 767 765
2 735 766
2 736 769
2 768 770
2 769 771
2 770 772
2 771 773
2 772 774
2 773 775
2 774 776
2 775 777
2 776 778
2 777 779
2 778 780
2 779 781
2 780 782
2 781 783
2 782 784
2 783 785
2 784 786
2 785 787
2 786 788
2 787 789
2 788 790
2 789 791
2 790 792
2 791 793
2 792 794
2 793 795
2 794 796
2 795 797
2 796 798
2 797 799
2 798 831
2 801 832
2 802 800
2 803 801
2 804 802
2 805 803
2 806 804
2 807 805
2 808 806
2 809 807
2 810 808
2 811 809
2 812 810
2 813 811
2 814 812
2 815 813
2 816 814
2 817 815
2 818 816
2 819 817
2 820 818
2 821 819
2 822 820
2 823 821
2 824 822
2 825 823
2 826 824
2 827 825
2 828 826
2 829 827
2 830 828
2 831 829
2 799 830
2 800 833
2 832 834
2 833 835
2 834 836
2 835 837
2 836 838
2 837 839
2 838 840
2 839 841
2 840 842
2 841 843
2 842 844
2 843 845
2 844 846
2 845 847
2 846 848
2 847 849
2 848 850
2 849 851
2 850 852
2 851 853
2 852 854
2 853 855
2 854 856
2 855 857
2 856 858
2 857 859
2 858 860
2 859 861
2 860 862
2 861 863
2 862 895
2 865 896
2 866 864
2 867 865
2 868 866
2 869 867
2 870 868
2 871 869
2 872 870
2 873 871
2 874 872
2 875 873
2 876 874
2 877 875
2 878 876
2 879 877
2 880 878
2 881 879
2 882 880
2 883 881
2 884 882
2 885 883
2 886 884
2 887 885
2 888 886
2 889 887
2 890 888
2 891 889
2 892 890
2 893 891
2 894 892
2 895 893
2 863 894
2 864 897
2 896 898
2 897 899
2 898 900
2 899 901
2 900 902
2 901 903
2 902 904
2 903 905
2 904 906
2 905 907
2 906 908
2 907 909
2 908 910
2 909 911
2 910 912
2 911 913
2 912 914
2 913 915
2 914 916
2 915 917
2 916 918
2 917 919
2 918 920
2 919 921
2 920 922
2 921 923
2 922 924
2 923 925
2 924 926
2 925 927
2 926 959
2 929 960
2 930 928
2 931 929
2 932 930
2 933 931
2 934 932
2 935 933
2 936 934
2 937 935
2 938 936
2 939 937
2 940 938
2 941 939
2 942 940
2 943 941
2 944 942
2 945 943
2 946 944
2 947 945
2 948 946
2 949 947
2 950 948
2 951 949
2 952 950
2 953 951
2 954 952
2 955 953
2 956 954
2 957 955
2 958 956
2 959 957
2 927 958
2 928 961
2 960 962
2 961 963
2 962 964
2 963 965
2 964 966
2 965 967
2 966 968
2 967 969
2 968 970
2 969 971
2 970 972
2 971 973
2 972 974
2 973 975
2 974 976
2 975 977
2 976 978
2 977 979
2 978 980
2 979 981
2 980 982
2 981 983
2 982 984
2 983 985
2 984 986
2 985 987
2 986 988
2 987 989
2 988 990
2 989 991
2 990 1023
1 993
2 994 992
2 995 993
2 996 994
2 997 995
2 998 996
2 999 997
2 1000 998
2 1001 999
2 1002 1000
2 1003 1001
2 1004 1002
2 1005 1003
2 1006 1004
2 1007 1005
2 1008 1006
2 1009 1007
2 1010 1008
2 1011 1009
2 1012 1010
2 1013 1011
2 1014 1012
2 1015 1013
2 1016 1014
2 1017 1015
2 1018 1016
2 1019 1017
2 1020 1018
2 1021 1019
2 1022 1020
2 1023 1021
2 991 1022
