1024
32 32
3 61 517 775
5 212 463 503 742 937
4 304 456 582 778
4 25 49 516 558
3 58 124 757
5 270 453 518 677 880
1 1006
5 452 455 511 663 995
4 100 301 386 754
4 159 512 613 670
4 150 702 834 884
2 60 270
2 162 652
1 50
4 245 275 454 597
6 177 358 802 806 927 996
3 282 604 941
4 26 206 244 558
2 128 283
4 317 539 571 716
4 280 807 895 1003
3 311 317 933
2 97 385
1 1022
1 862
5 3 252 312 932 962
3 17 235 1009
4 439 949 965 1009
3 217 480 621
3 359 391 837
3 62 152 318
2 349 832
2 340 659
0 
5 293 530 662 732 1004
2 479 870
4 56 202 488 717
2 646 909
4 221 564 918 995
3 635 691 727
6 240 241 369 489 595 660
4 203 637 729 816
1 409
1 216
4 136 350 602 808
1 513
1 345
3 311 344 445
4 222 414 464 595
3 3 304 812
6 13 288 374 397 684 772
2 614 715
1 789
2 483 648
1 831
0 
3 36 541 676
2 254 957
2 4 546
4 410 962 1001 1015
4 11 159 745 977
3 0 755 977
2 30 569
4 583 709 802 899
5 261 283 567 764 1000
2 265 650
2 774 781
0 
1 307
2 449 949
4 357 378 616 839
2 876 971
2 395 716
3 526 549 698
4 121 255 291 1003
2 500 693
5 171 434 854 980 982
2 354 829
1 166
3 129 507 673
2 155 706
8 146 351 449 492 498 564 752 781
4 335 723 848 974
3 146 836 883
6 274 411 471 643 678 895
2 287 1000
1 1012
3 511 596 874
3 153 273 792
2 949 976
1 328
5 429 713 742 801 999
1 135
1 406
6 179 240 241 304 443 517
0 
5 112 199 412 432 777
2 22 672
2 520 640
3 525 624 1014
1 8
3 105 422 755
2 193 686
1 145
2 696 978
2 101 664
6 181 332 518 600 692 736
3 397 519 1011
2 503 977
0 
1 408
4 397 671 759 966
2 96 544
1 844
2 193 299
4 369 582 607 764
4 515 522 688 938
4 194 349 738 760
1 848
1 165
2 403 808
2 74 687
2 215 384
5 252 486 684 714 783
2 4 162
2 807 977
4 150 440 865 962
3 323 616 867
4 18 175 479 758
4 79 524 591 1001
2 913 918
1 397
4 174 592 944 962
3 320 668 857
3 227 820 889
2 92 775
2 44 730
2 221 531
4 342 507 1000 1002
4 243 335 494 621
5 339 398 702 857 871
5 642 771 832 922 1015
4 207 447 980 1005
2 163 525
1 747
2 103 207
6 81 83 561 820 891 963
2 285 651
3 718 935 1013
5 231 386 471 682 685
4 10 126 642 786
3 321 522 834
2 30 976
6 88 259 422 779 863 912
3 263 353 458
4 80 228 719 966
1 247
4 430 651 657 882
5 404 436 449 857 1023
3 9 60 224
3 549 581 679
1 925
8 12 124 174 177 473 510 869 906
2 143 731
3 168 592 948
3 119 386 411
1 78
0 
3 164 517 951
2 696 826
3 383 488 714
4 76 576 798 976
3 505 642 972
1 606
4 132 162 292 972
4 128 281 746 944
4 253 393 811 944
7 15 162 322 329 481 574 773
0 
6 94 285 564 745 816 986
3 468 762 964
2 106 981
2 500 957
3 472 477 600
1 398
1 234
5 198 257 307 902 1001
1 500
0 
1 695
0 
8 212 290 421 449 452 482 487 667
3 458 647 782
2 102 114
4 117 553 920 976
1 875
2 264 918
3 405 454 852
4 186 413 487 563
5 96 243 495 692 715
2 729 949
0 
2 36 962
2 41 894
0 
3 422 602 625
3 17 323 469
3 142 145 559
2 229 670
3 415 632 921
2 518 653
4 333 492 669 1008
3 1 191 569
1 635
0 
5 122 484 528 620 914
1 43
2 28 607
3 307 740 930
1 366
1 393
5 38 137 375 604 828
5 48 669 770 944 956
1 421
1 159
2 253 804
4 304 693 920 1009
2 134 701
6 155 231 361 470 513 726
1 208
3 647 701 795
3 149 228 951
2 470 541
1 336
4 185 255 403 640
4 26 302 776 918
6 252 450 512 561 601 679
5 268 310 513 569 755
2 887 1010
3 644 681 901
2 40 94
5 40 94 357 628 909
1 795
5 139 199 307 756 899
2 17 987
3 14 434 808
4 392 448 546 687
2 156 738
5 327 395 506 661 862
2 658 884
4 611 684 768 905
1 984
5 25 123 236 629 687
6 176 225 311 662 713 927
3 57 359 647
5 74 234 510 578 920
3 605 608 712
2 186 909
5 464 571 792 936 940
3 153 674 766
2 748 770
2 64 968
2 694 755
6 154 290 312 337 763 900
5 196 267 471 584 843
2 65 921
3 483 870 925
2 264 1009
3 237 844 869
0 
3 5 11 447
0 
0 
5 88 483 565 645 675
5 84 619 650 692 695
3 14 352 963
2 490 614
1 678
0 
4 450 573 605 725
5 20 299 391 706 721
3 175 841 918
1 16
3 18 64 965
2 354 645
6 147 179 295 766 831 856
3 323 418 653
4 85 461 675 779
4 50 318 476 619
4 382 876 946 996
2 191 263
3 74 415 588
1 174
2 34 431
1 836
5 285 533 558 580 1008
2 415 1020
3 420 575 884
3 737 786 858
5 114 280 577 627 721
3 470 633 926
2 8 690
5 235 305 616 838 873
3 407 606 625
4 2 49 94 226
2 302 919
0 
4 68 186 218 243
2 389 926
2 616 960
4 237 427 640 671
8 21 47 253 409 463 568 656 739
4 25 263 407 586
0 
0 
1 335
3 396 423 632
3 19 21 487
3 30 288 872
4 413 800 889 945
2 133 366
3 151 531 980
2 177 819
5 127 206 286 795 981
3 367 474 673
2 399 888
0 
2 248 892
2 90 980
2 177 556
3 365 375 462
0 
2 106 659
2 211 925
6 374 420 469 819 831 907
3 82 139 315
3 233 409 593
2 263 470
3 501 627 779
3 140 520 826
3 32 754 939
1 392
3 138 570 774
2 550 648
2 47 478
5 46 595 730 750 844
0 
1 922
1 851
6 31 117 397 481 780 931
2 44 382
5 81 464 808 964 984
2 275 813
4 154 539 919 999
5 77 284 614 903 978
2 603 651
2 822 888
5 70 241 470 686 917
6 15 563 709 877 958 978
2 29 254
2 781 1021
3 228 705 734
2 371 568
1 687
1 577
3 330 370 837
3 219 320 544
4 324 577 630 995
2 848 915
3 40 115 499
2 365 819
1 362
3 380 777 870
0 
5 50 334 634 754 778
4 221 330 508 990
2 570 586
2 742 850
3 70 584 870
3 606 862 905
3 372 861 951
3 514 641 840
2 289 350
4 170 515 525 754
3 122 448 990
1 22
6 8 149 165 834 927 950
1 1003
1 958
2 308 517
1 536
5 29 280 487 567 674
7 246 341 439 894 936 940 1001
3 176 220 612
1 430
3 72 248 797
4 316 643 906 938
8 50 107 111 131 349 620 900 909
5 140 184 940 979 1005
1 325
5 552 625 685 918 968
1 468
2 497 867
3 120 234 916
2 158 1021
4 197 924 969 995
1 93
5 303 312 432 469 691
2 110 999
4 42 311 336 788
3 59 530 817
4 84 165 466 868
3 96 787 1003
2 198 319
2 48 683
4 209 291 296 759
2 488 928
1 828
3 286 498 903
1 961
4 297 334 506 902
4 191 223 795 932
3 101 153 205
3 316 967 1004
0 
3 464 722 884
3 669 689 771
4 310 497 617 871
2 511 985
3 91 814 858
3 157 394 911
4 293 770 920 989
2 96 407
1 692
4 76 245 497 703
1 690
4 158 569 936 942
1 866
3 534 730 737
2 27 392
3 126 662 681
2 814 932
0 
2 94 713
3 472 825 919
4 47 446 743 903
2 445 853
3 142 270 918
4 246 384 566 730
6 69 81 158 191 607 700
3 236 279 950
2 624 697
3 7 191 589
4 5 762 896 988
4 14 197 923 962
1 7
6 2 507 520 556 816 1017
1 782
3 154 192 557
4 568 893 933 977
2 568 974
3 287 688 725
2 330 469
3 1 311 1016
5 48 258 351 425 596
2 602 704
1 411
2 723 1019
5 180 401 613 900 941
7 206 334 407 462 538 699 857
8 228 232 300 337 357 575 685 831
7 84 149 264 593 787 843 878
2 183 444
2 162 540
2 324 760
0 
4 288 715 735 761
2 183 861
2 344 828
4 35 128 746 919
3 28 585 697
2 177 349
3 191 555 888
4 53 266 273 541
2 215 535
1 610
1 123
6 191 198 317 391 544 613
3 36 170 416
3 40 508 809
4 276 665 780 787
3 711 739 867
5 81 211 533 725 928
3 834 984 1003
3 139 579 604
4 199 538 543 982
0 
3 402 427 434
3 81 418 772
4 369 678 973 990
6 75 182 187 530 962 977
3 338 518 892
1 579
2 1 108
0 
1 172
5 248 420 962 978 1006
7 79 138 456 585 737 869 902
3 375 489 676
0 
2 162 255
5 7 87 428 621 867
4 9 236 794 1016
4 45 228 237 658
2 381 968
5 116 383 637 911 970
1 3
9 0 94 168 389 527 601 704 813 912
4 5 106 210 501
1 107
6 98 339 456 778 954 1018
2 851 904
2 116 151
2 549 1006
3 129 725 831
3 99 143 383
2 73 909
2 517 737
2 215 708
2 545 723
6 34 410 500 620 693 729
5 137 321 622 721 951
0 
5 295 492 550 700 980
2 438 1021
1 484
2 390 1019
3 792 905 974
7 469 495 684 709 830 987 990
2 19 353
3 473 586 710
6 56 232 483 705 760 797
4 563 605 889 945
1 495
3 112 366 487
2 529 748
5 58 246 723 856 927
1 1016
0 
5 73 160 523 622 708
3 343 533 636
1 938
3 400 725 942
4 194 605 606 721
1 797
1 482
4 329 456 849 963
2 458 592
6 3 17 295 812 840 1015
2 207 1005
1 702
2 146 236
5 743 749 765 849 856
4 198 358 542 680
4 38 81 179 572
2 273 887
3 448 574 862
3 64 391 577
6 311 362 459 460 708 737
5 62 212 237 436 665
3 342 376 765
3 19 258 814
1 564
3 279 603 695
3 177 566 1012
3 297 470 707
2 171 631
6 299 364 367 567 782 1020
4 255 848 863 972
2 494 502
1 295
3 160 889 998
2 2 115
4 63 704 713 873
2 264 378
3 480 507 826
6 312 376 540 619 818 1021
0 
2 291 596
2 452 696
2 709 903
3 129 682 748
5 132 164 557 705 907
3 336 471 917
3 700 806 890
4 40 48 345 673
3 87 464 588
3 14 934 1018
2 829 1015
1 652
5 106 183 848 987 995
3 236 517 963
5 44 205 465 668 843
3 355 573 684
7 16 221 494 883 929 952 995
5 256 279 542 553 855
4 173 303 379 553
4 115 217 449 723
2 256 794
1 865
3 485 655 828
1 250
4 393 634 665 823
3 9 468 487
4 51 276 354 949
2 746 882
7 70 127 302 309 910 929 1003
3 427 680 1014
0 
3 274 288 586
6 215 397 530 649 835 994
5 28 139 511 751 975
2 531 549
1 938
2 99 451
4 205 303 400 945
1 879
3 299 338 858
2 241 981
2 252 825
2 367 664
1 576
2 209 316
3 300 822 916
5 374 612 683 885 943
2 39 213
2 550 740
3 41 515 779
2 666 741
1 882
4 98 234 310 997
1 381
4 141 150 172 990
3 84 396 805
2 239 942
6 273 284 716 731 768 775
3 37 663 727
4 192 230 254 674
3 53 343 872
3 620 831 1017
3 65 274 736
3 147 157 355
3 12 599 802
3 210 286 693
1 815
4 610 737 759 894
2 311 844
5 157 778 876 879 906
4 249 513 953 978
5 32 332 741 966 1011
2 40 936
3 248 726 924
4 34 253 440 942
4 7 646 822 907
5 105 630 720 860 867
3 490 569 612
1 638
1 191
5 133 602 917 926 972
5 211 222 426 709 726
4 9 208 691 873
2 111 310
4 97 869 880 931
3 79 324 595
3 259 391 647
3 273 287 855
3 56 508 769
1 5
4 84 277 499 991
3 160 236 963
3 563 617 978
5 239 440 747 954 959
4 149 591 868 972
3 414 634 784
6 50 123 250 538 603 731
3 149 400 470
2 102 357
5 121 246 252 363 815
4 116 461 888 922
2 426 916
2 301 435
3 39 407 670
4 106 199 274 433
4 75 226 530 653
3 262 755 940
3 189 274 573
4 104 169 589 966
2 451 480
3 73 797 1012
4 469 742 820 916
3 449 533 594
4 227 230 815 984
5 10 140 560 913 936
1 434
4 465 517 583 1018
3 361 541 592
3 80 280 1018
2 575 721
3 528 549 568
6 63 358 538 590 669 959
3 540 959 961
3 491 748 920
1 256
6 91 253 443 583 911 1007
2 123 170
5 51 199 476 784 1020
4 19 72 645 988
1 36
2 148 886
2 155 737
3 664 936 1000
7 280 299 531 553 707 729 770
2 425 906
5 82 467 529 546 607
1 798
5 279 461 492 524 552
4 228 661 669 933
3 39 646 926
0 
4 41 200 530 721
5 136 345 438 448 917
3 163 645 684
2 34 755
4 814 852 889 944
3 361 746 771
1 476
2 106 650
8 298 438 507 527 568 655 719 958
2 117 247
2 311 491
5 218 636 762 835 968
3 638 659 913
4 1 91 377 699
3 445 562 941
0 
3 60 179 856
4 175 479 615 734
2 144 681
4 260 545 591 711
3 562 839 895
3 345 802 936
2 621 864
3 81 914 924
1 938
6 8 340 374 383 897 898
6 61 101 237 262 694 732
1 243
2 4 976
1 128
4 111 415 655 798
4 117 474 541 891
3 476 887 915
3 180 453 740
2 263 915
3 64 115 950
3 562 570 1009
3 259 285 835
0 
3 250 645 950
2 676 821
6 222 260 431 721 841 927
5 141 426 734 928 1016
2 50 498
1 177
2 66 342
3 0 135 645
2 235 874
3 96 372 899
4 2 374 520 657
4 153 287 338 637
2 349 490
6 66 81 360 924 963 1005
3 192 457 577
1 123
2 683 715
1 992
2 150 298
5 412 471 490 897 899
2 409 1022
1 52
1 1001
0 
5 88 258 537 924 1021
3 819 848 932
2 512 608
5 230 242 323 421 825
0 
5 395 541 554 698 919
4 171 724 759 1021
1 896
1 319
1 91
5 15 63 652 750 950
2 821 850
1 225
2 643 983
3 15 594 809
2 20 125
5 44 120 245 351 918
2 489 806
1 885
2 176 980
3 49 558 859
2 352 517
4 429 441 571 733
3 654 687 701
4 41 179 456 859
4 410 874 881 1013
1 586
5 322 334 370 793 910
5 134 146 699 993 1014
3 769 803 882
4 356 633 663 865
1 612
0 
3 444 629 795
4 169 339 585 856
0 
4 221 417 478 610
3 77 598 858
1 538
6 54 285 334 470 524 649
3 31 141 862
1 935
4 10 151 386 493
4 620 740 766 1006
2 83 294
2 29 365
1 302
2 70 749
4 381 558 868 1006
3 281 770 905
0 
3 264 471 602
4 113 268 345 656
2 922 951
0 
1 938
6 82 118 368 578 600 793
2 556 562
3 377 803 869
3 348 521 855
2 197 733
1 446
1 76
3 605 675 851
6 285 546 562 745 826 978
5 133 140 158 469 914
6 298 429 627 829 918 934
4 812 816 898 984
1 664
2 380 477
5 24 248 379 566 832
2 153 578
1 751
3 126 609 822
1 437
5 127 402 491 511 664
4 411 682 840 905
5 162 268 507 672 850
4 35 266 372 378
2 140 427
3 318 648 968
3 302 583 670
3 87 776 817
3 195 966 991
3 71 289 657
2 358 923
2 471 888
4 626 657 898 906
2 5 672
1 817
6 157 615 639 821 924 998
2 83 604
4 10 249 297 425
2 634 810
1 718
4 238 565 761 1023
5 325 356 482 688 878
5 134 319 542 581 733
2 594 959
2 146 760
3 327 501 1003
1 459
4 203 392 655 903
3 20 84 749
2 453 799
2 754 787
3 754 859 879
4 63 243 777 787
3 263 397 468
2 239 1013
3 186 420 507
6 354 418 445 590 894 982
1 521
5 250 379 537 841 868
5 162 396 657 722 879
3 334 592 663
0 
5 37 241 257 397 526
2 616 819
3 430 515 713
3 153 517 1021
4 130 702 741 991
3 215 752 857
3 368 761 763
4 403 633 689 699
4 357 593 668 730
9 38 130 196 235 281 400 447 808 858
5 305 353 444 479 797
5 194 226 255 431 711
2 209 265
4 141 347 688 845
2 454 877
6 405 661 752 781 792 882
3 161 266 333
4 300 308 668 727
6 15 253 386 546 770 1001
3 416 492 771
2 604 616
1 218
2 349 672
4 25 421 441 793
3 21 459 726
2 597 858
2 148 833
7 258 392 436 660 702 720 750
1 1
6 116 396 551 623 753 847
1 340
4 258 392 398 694
3 16 468 743
5 436 552 644 662 991
1 634
5 132 175 176 222 733
3 319 542 625
1 289
1 1002
1 164
6 27 69 89 200 614 989
5 386 450 764 768 802
6 168 231 380 531 845 1004
1 604
1 658
2 520 681
0 
1 222
2 57 182
3 358 388 737
4 681 709 710 890
1 309
2 419 710
9 25 59 126 132 202 454 500 506 1021
6 146 275 556 601 679 781
2 180 351
2 27 283
5 111 155 659 696 875
1 423
5 261 400 514 740 872
1 405
1 515
2 71 1010
5 172 174 578 668 682
1 499
3 82 460 537
1 621
6 89 152 171 194 757 980
6 60 61 108 125 459 500
7 104 354 358 506 658 680 856
1 398
7 76 142 321 328 533 811 976
3 181 323 628
3 76 495 903
1 805
5 251 351 493 701 859
1 428
1 179
3 244 538 600
2 453 716
2 431 949
5 375 384 499 538 642
4 678 875 913 942
1 785
2 820 1001
1 620
7 7 38 367 405 600 604 1018
3 15 289 1012
1 640
2 581 882
3 91 353 408
4 64 85 138 720
7 59 129 186 392 790 927 993
2 138 947
7 20 74 387 412 493 616 892
4 34 423 951 1022
4 142 398 559 781
5 6 506 523 835 840
1 713
2 211 295
5 26 27 226 267 765
2 238 971
2 107 659
4 86 574 698 996
3 148 817 901
3 99 617 820
4 59 141 558 598
4 463 512 547 771
2 456 649
5 520 597 704 706 995
2 467 536
3 296 577 715
8 360 404 534 586 792 798 912 962
3 23 788 1004
2 158 887
