512
32 16
2 1 32
3 0 2 33
3 1 3 34
3 2 4 35
3 3 5 36
3 4 6 37
3 5 7 38
3 6 8 39
3 7 9 40
3 8 10 41
3 9 11 42
3 10 12 43
3 11 13 44
3 12 14 45
3 13 15 46
3 14 16 47
3 15 17 48
3 16 18 49
3 17 19 50
3 18 20 51
3 19 21 52
3 20 22 53
3 21 23 54
3 22 24 55
3 23 25 56
3 24 26 57
3 25 27 58
3 26 28 59
3 27 29 60
3 28 30 61
3 29 31 62
2 30 63
3 0 33 64
4 1 32 34 65
4 2 33 35 66
4 3 34 36 67
4 4 35 37 68
4 5 36 38 69
4 6 37 39 70
4 7 38 40 71
4 8 39 41 72
4 9 40 42 73
4 10 41 43 74
4 11 42 44 75
4 12 43 45 76
4 13 44 46 77
4 14 45 47 78
4 15 46 48 79
4 16 47 49 80
4 17 48 50 81
4 18 49 51 82
4 19 50 52 83
4 20 51 53 84
4 21 52 54 85
4 22 53 55 86
4 23 54 56 87
4 24 55 57 88
4 25 56 58 89
4 26 57 59 90
4 27 58 60 91
4 28 59 61 92
4 29 60 62 93
4 30 61 63 94
3 31 62 95
3 32 65 96
4 33 64 66 97
4 34 65 67 98
4 35 66 68 99
4 36 67 69 100
4 37 68 70 101
4 38 69 71 102
4 39 70 72 103
4 40 71 73 104
4 41 72 74 105
4 42 73 75 106
4 43 74 76 107
4 44 75 77 108
4 45 76 78 109
4 46 77 79 110
4 47 78 80 111
4 48 79 81 112
4 49 80 82 113
4 50 81 83 114
4 51 82 84 115
4 52 83 85 116
4 53 84 86 117
4 54 85 87 118
4 55 86 88 119
4 56 87 89 120
4 57 88 90 121
4 58 89 91 122
4 59 90 92 123
4 60 91 93 124
4 61 92 94 125
4 62 93 95 126
3 63 94 127
3 64 97 128
4 65 96 98 129
4 66 97 99 130
4 67 98 100 131
4 68 99 101 132
4 69 100 102 133
4 70 101 103 134
4 71 102 104 135
4 72 103 105 136
4 73 104 106 137
4 74 105 107 138
4 75 106 108 139
4 76 107 109 140
4 77 108 110 141
4 78 109 111 142
4 79 110 112 143
4 80 111 113 144
4 81 112 114 145
4 82 113 115 146
4 83 114 116 147
4 84 115 117 148
4 85 116 118 149
4 86 117 119 150
4 87 118 120 151
4 88 119 121 152
4 89 120 122 153
4 90 121 123 154
4 91 122 124 155
4 92 123 125 156
4 93 124 126 157
4 94 125 127 158
3 95 126 159
3 96 129 160
4 97 128 130 161
4 98 129 131 162
4 99 130 132 163
4 100 131 133 164
4 101 132 134 165
4 102 133 135 166
4 103 134 136 167
4 104 135 137 168
4 105 136 138 169
4 106 137 139 170
4 107 138 140 171
4 108 139 141 172
4 109 140 142 173
4 110 141 143 174
4 111 142 144 175
4 112 143 145 176
4 113 144 146 177
4 114 145 147 178
4 115 146 148 179
4 116 147 149 180
4 117 148 150 181
4 118 149 151 182
4 119 150 152 183
4 120 151 153 184
4 121 152 154 185
4 122 153 155 186
4 123 154 156 187
4 124 155 157 188
4 125 156 158 189
4 126 157 159 190
3 127 158 191
3 128 161 192
4 129 160 162 193
4 130 161 163 194
4 131 162 164 195
4 132 163 165 196
4 133 164 166 197
4 134 165 167 198
4 135 166 168 199
4 136 167 169 200
4 137 168 170 201
4 138 169 171 202
4 139 170 172 203
4 140 171 173 204
4 141 172 174 205
4 142 173 175 206
4 143 174 176 207
4 144 175 177 208
4 145 176 178 209
4 146 177 179 210
4 147 178 180 211
4 148 179 181 212
4 149 180 182 213
4 150 181 183 214
4 151 182 184 215
4 152 183 185 216
4 153 184 186 217
4 154 185 187 218
4 155 186 188 219
4 156 187 189 220
4 157 188 190 221
4 158 189 191 222
3 159 190 223
3 160 193 224
4 161 192 194 225
4 162 193 195 226
4 163 194 196 227
4 164 195 197 228
4 165 196 198 229
4 166 197 199 230
4 167 198 200 231
4 168 199 201 232
4 169 200 202 233
4 170 201 203 234
4 171 202 204 235
4 172 203 205 236
4 173 204 206 237
4 174 205 207 238
4 175 206 208 239
4 176 207 209 240
4 177 208 210 241
4 178 209 211 242
4 179 210 212 243
4 180 211 213 244
4 181 212 214 245
4 182 213 215 246
4 183 214 216 247
4 184 215 217 248
4 185 216 218 249
4 186 217 219 250
4 187 218 220 251
4 188 219 221 252
4 189 220 222 253
4 190 221 223 254
3 191 222 255
3 192 225 256
4 193 224 226 257
4 194 225 227 258
4 195 226 228 259
4 196 227 229 260
4 197 228 230 261
4 198 229 231 262
4 199 230 232 263
4 200 231 233 264
4 201 232 234 265
4 202 233 235 266
4 203 234 236 267
4 204 235 237 268
4 205 236 238 269
4 206 237 239 270
4 207 238 240 271
4 208 239 241 272
4 209 240 242 273
4 210 241 243 274
4 211 242 244 275
4 212 243 245 276
4 213 244 246 277
4 214 245 247 278
4 215 246 248 279
4 216 247 249 280
4 217 248 250 281
4 218 249 251 282
4 219 250 252 283
4 220 251 253 284
4 221 252 254 285
4 222 253 255 286
3 223 254 287
3 224 257 288
4 225 256 258 289
4 226 257 259 290
4 227 258 260 291
4 228 259 261 292
4 229 260 262 293
4 230 261 263 294
4 231 262 264 295
4 232 263 265 296
4 233 264 266 297
4 234 265 267 298
4 235 266 268 299
4 236 267 269 300
4 237 268 270 301
4 238 269 271 302
4 239 270 272 303
4 240 271 273 304
4 241 272 274 305
4 242 273 275 306
4 243 274 276 307
4 244 275 277 308
4 245 276 278 309
4 246 277 279 310
4 247 278 280 311
4 248 279 281 312
4 249 280 282 313
4 250 281 283 314
4 251 282 284 315
4 252 283 285 316
4 253 284 286 317
4 254 285 287 318
3 255 286 319
3 256 289 320
4 257 288 290 321
4 258 289 291 322
4 259 290 292 323
4 260 291 293 324
4 261 292 294 325
4 262 293 295 326
4 263 294 296 327
4 264 295 297 328
4 265 296 298 329
4 266 297 299 330
4 267 298 300 331
4 268 299 301 332
4 269 300 302 333
4 270 301 303 334
4 271 302 304 335
4 272 303 305 336
4 273 304 306 337
4 274 305 307 338
4 275 306 308 339
4 276 307 309 340
4 277 308 310 341
4 278 309 311 342
4 279 310 312 343
4 280 311 313 344
4 281 312 314 345
4 282 313 315 346
4 283 314 316 347
4 284 315 317 348
4 285 316 318 349
4 286 317 319 350
3 287 318 351
3 288 321 352
4 289 320 322 353
4 290 321 323 354
4 291 322 324 355
4 292 323 325 356
4 293 324 326 357
4 294 325 327 358
4 295 326 328 359
4 296 327 329 360
4 297 328 330 361
4 298 329 331 362
4 299 330 332 363
4 300 331 333 364
4 301 332 334 365
4 302 333 335 366
4 303 334 336 367
4 304 335 337 368
4 305 336 338 369
4 306 337 339 370
4 307 338 340 371
4 308 339 341 372
4 309 340 342 373
4 310 341 343 374
4 311 342 344 375
4 312 343 345 376
4 313 344 346 377
4 314 345 347 378
4 315 346 348 379
4 316 347 349 380
4 317 348 350 381
4 318 349 351 382
3 319 350 383
3 320 353 384
4 321 352 354 385
4 322 353 355 386
4 323 354 356 387
4 324 355 357 388
4 325 356 358 389
4 326 357 359 390
4 327 358 360 391
4 328 359 361 392
4 329 360 362 393
4 330 361 363 394
4 331 362 364 395
4 332 363 365 396
4 333 364 366 397
4 334 365 367 398
4 335 366 368 399
4 336 367 369 400
4 337 368 370 401
4 338 369 371 402
4 339 370 372 403
4 340 371 373 404
4 341 372 374 405
4 342 373 375 406
4 343 374 376 407
4 344 375 377 408
4 345 376 378 409
4 346 377 379 410
4 347 378 380 411
4 348 379 381 412
4 349 380 382 413
4 350 381 383 414
3 351 382 415
3 352 385 416
4 353 384 386 417
4 354 385 387 418
4 355 386 388 419
4 356 387 389 420
4 357 388 390 421
4 358 389 391 422
4 359 390 392 423
4 360 391 393 424
4 361 392 394 425
4 362 393 395 426
4 363 394 396 427
4 364 395 397 428
4 365 396 398 429
4 366 397 399 430
4 367 398 400 431
4 368 399 401 432
4 369 400 402 433
4 370 401 403 434
4 371 402 404 435
4 372 403 405 436
4 373 404 406 437
4 374 405 407 438
4 375 406 408 439
4 376 407 409 440
4 377 408 410 441
4 378 409 411 442
4 379 410 412 443
4 380 411 413 444
4 381 412 414 445
4 382 413 415 446
3 383 414 447
3 384 417 448
4 385 416 418 449
4 386 417 419 450
4 387 418 420 451
4 388 419 421 452
4 389 420 422 453
4 390 421 423 454
4 391 422 424 455
4 392 423 425 456
4 393 424 426 457
4 394 425 427 458
4 395 426 428 459
4 396 427 429 460
4 397 428 430 461
4 398 429 431 462
4 399 430 432 463
4 400 431 433 464
4 401 432 434 465
4 402 433 435 466
4 403 434 436 467
4 404 435 437 468
4 405 436 438 469
4 406 437 439 470
4 407 438 440 471
4 408 439 441 472
4 409 440 442 473
4 410 441 443 474
4 411 442 444 475
4 412 443 445 476
4 413 444 446 477
4 414 445 447 478
3 415 446 479
3 416 449 480
4 417 448 450 481
4 418 449 451 482
4 419 450 452 483
4 420 451 453 484
4 421 452 454 485
4 422 453 455 486
4 423 454 456 487
4 424 455 457 488
4 425 456 458 489
4 426 457 459 490
4 427 458 460 491
4 428 459 461 492
4 429 460 462 493
4 430 461 463 494
4 431 462 464 495
4 432 463 465 496
4 433 464 466 497
4 434 465 467 498
4 435 466 468 499
4 436 467 469 500
4 437 468 470 501
4 438 469 471 502
4 439 470 472 503
4 440 471 473 504
4 441 472 474 505
4 442 473 475 506
4 443 474 476 507
4 444 475 477 508
4 445 476 478 509
4 446 477 479 510
3 447 478 511
2 448 481
3 449 480 482
3 450 481 483
3 451 482 484
3 452 483 485
3 453 484 486
3 454 485 487
3 455 486 488
3 456 487 489
3 457 488 490
3 458 489 491
3 459 490 492
3 460 491 493
3 461 492 494
3 462 493 495
3 463 494 496
3 464 495 497
3 465 496 498
3 466 497 499
3 467 498 500
3 468 499 501
3 469 500 502
3 470 501 503
3 471 502 504
3 472 503 505
3 473 504 506
3 474 505 507
3 475 506 508
3 476 507 509
3 477 508 510
3 478 509 511
2 479 510
