100
8 16
1 83
3 23 49 92
5 15 25 53 65 72
2 25 95
3 41 53 91
4 7 31 34 69
4 27 30 75 98
3 5 26 47
4 25 39 50 92
5 27 38 56 59 75
4 15 32 36 71
3 16 48 81
4 45 48 53 57
2 16 25
2 31 90
7 2 10 18 29 35 92 96
4 11 13 32 89
3 56 75 82
1 15
2 39 62
0 
2 53 54
2 43 72
1 1
0 
6 2 3 8 13 26 70
4 7 25 29 39
3 6 9 48
1 49
6 15 26 64 65 71 96
3 6 39 40
2 5 14
6 10 16 56 66 88 95
2 88 91
5 5 44 46 77 87
4 15 40 60 67
2 10 80
1 96
2 9 41
6 8 19 26 30 78 87
3 30 35 97
4 4 38 44 76
0 
4 22 44 63 93
4 34 41 43 75
5 12 47 59 62 83
2 34 98
3 7 45 57
5 11 12 27 53 79
4 1 28 80 89
2 8 98
1 89
0 
7 2 4 12 21 48 55 99
3 21 70 80
3 53 85 97
5 9 17 32 70 78
3 12 47 72
3 59 74 88
4 9 45 58 92
1 35
1 90
3 19 45 78
2 43 82
2 29 84
2 2 29
4 32 73 90 99
1 35
0 
1 5
4 25 54 56 84
3 10 29 96
5 2 22 57 77 86
2 66 84
3 58 83 85
4 6 9 17 44
1 41
4 34 72 79 92
3 39 56 62
2 48 77
3 36 49 54
2 11 90
3 17 63 92
3 0 45 74
3 64 70 73
3 55 74 86
2 72 85
3 34 39 93
3 32 33 58
4 16 49 51 96
4 14 61 66 81
2 4 33
6 1 8 15 59 77 82
3 43 87 96
1 95
3 3 32 94
6 15 29 37 71 89 93
2 40 55
3 6 46 50
2 53 66
