1024
32 32
2 1 32
3 0 2 33
3 1 3 34
3 2 4 35
3 3 5 36
3 4 6 37
3 5 7 38
3 6 8 39
3 7 9 40
3 8 10 41
3 9 11 42
3 10 12 43
3 11 13 44
3 12 14 45
3 13 15 46
3 14 16 47
3 15 17 48
3 16 18 49
3 17 19 50
3 18 20 51
3 19 21 52
3 20 22 53
3 21 23 54
3 22 24 55
3 23 25 56
3 24 26 57
3 25 27 58
3 26 28 59
3 27 29 60
3 28 30 61
3 29 31 62
2 30 63
3 0 33 64
4 1 32 34 65
4 2 33 35 66
4 3 34 36 67
4 4 35 37 68
4 5 36 38 69
4 6 37 39 70
4 7 38 40 71
4 8 39 41 72
4 9 40 42 73
4 10 41 43 74
4 11 42 44 75
4 12 43 45 76
4 13 44 46 77
4 14 45 47 78
4 15 46 48 79
4 16 47 49 80
4 17 48 50 81
4 18 49 51 82
4 19 50 52 83
4 20 51 53 84
4 21 52 54 85
4 22 53 55 86
4 23 54 56 87
4 24 55 57 88
4 25 56 58 89
4 26 57 59 90
4 27 58 60 91
4 28 59 61 92
4 29 60 62 93
4 30 61 63 94
3 31 62 95
3 32 65 96
4 33 64 66 97
4 34 65 67 98
4 35 66 68 99
4 36 67 69 100
4 37 68 70 101
4 38 69 71 102
4 39 70 72 103
4 40 71 73 104
4 41 72 74 105
4 42 73 75 106
4 43 74 76 107
4 44 75 77 108
4 45 76 78 109
4 46 77 79 110
4 47 78 80 111
4 48 79 81 112
4 49 80 82 113
4 50 81 83 114
4 51 82 84 115
4 52 83 85 116
4 53 84 86 117
4 54 85 87 118
4 55 86 88 119
4 56 87 89 120
4 57 88 90 121
4 58 89 91 122
4 59 90 92 123
4 60 91 93 124
4 61 92 94 125
4 62 93 95 126
3 63 94 127
3 64 97 128
4 65 96 98 129
4 66 97 99 130
4 67 98 100 131
4 68 99 101 132
4 69 100 102 133
4 70 101 103 134
4 71 102 104 135
4 72 103 105 136
4 73 104 106 137
4 74 105 107 138
4 75 106 108 139
4 76 107 109 140
4 77 108 110 141
4 78 109 111 142
4 79 110 112 143
4 80 111 113 144
4 81 112 114 145
4 82 113 115 146
4 83 114 116 147
4 84 115 117 148
4 85 116 118 149
4 86 117 119 150
4 87 118 120 151
4 88 119 121 152
4 89 120 122 153
4 90 121 123 154
4 91 122 124 155
4 92 123 125 156
4 93 124 126 157
4 94 125 127 158
3 95 126 159
3 96 129 160
4 97 128 130 161
4 98 129 131 162
4 99 130 132 163
4 100 131 133 164
4 101 132 134 165
4 102 133 135 166
4 103 134 136 167
4 104 135 137 168
4 105 136 138 169
4 106 137 139 170
4 107 138 140 171
4 108 139 141 172
4 109 140 142 173
4 110 141 143 174
4 111 142 144 175
4 112 143 145 176
4 113 144 146 177
4 114 145 147 178
4 115 146 148 179
4 116 147 149 180
4 117 148 150 181
4 118 149 151 182
4 119 150 152 183
4 120 151 153 184
4 121 152 154 185
4 122 153 155 186
4 123 154 156 187
4 124 155 157 188
4 125 156 158 189
4 126 157 159 190
3 127 158 191
3 128 161 192
4 129 160 162 193
4 130 161 163 194
4 131 162 164 195
4 132 163 165 196
4 133 164 166 197
4 134 165 167 198
4 135 166 168 199
4 136 167 169 200
4 137 168 170 201
4 138 169 171 202
4 139 170 172 203
4 140 171 173 204
4 141 172 174 205
4 142 173 175 206
4 143 174 176 207
4 144 175 177 208
4 145 176 178 209
4 146 177 179 210
4 147 178 180 211
4 148 179 181 212
4 149 180 182 213
4 150 181 183 214
4 151 182 184 215
4 152 183 185 216
4 153 184 186 217
4 154 185 187 218
4 155 186 188 219
4 156 187 189 220
4 157 188 190 221
4 158 189 191 222
3 159 190 223
3 160 193 224
4 161 192 194 225
4 162 193 195 226
4 163 194 196 227
4 164 195 197 228
4 165 196 198 229
4 166 197 199 230
4 167 198 200 231
4 168 199 201 232
4 169 200 202 233
4 170 201 203 234
4 171 202 204 235
4 172 203 205 236
4 173 204 206 237
4 174 205 207 238
4 175 206 208 239
4 176 207 209 240
4 177 208 210 241
4 178 209 211 242
4 179 210 212 243
4 180 211 213 244
4 181 212 214 245
4 182 213 215 246
4 183 214 216 247
4 184 215 217 248
4 185 216 218 249
4 186 217 219 250
4 187 218 220 251
4 188 219 221 252
4 189 220 222 253
4 190 221 223 254
3 191 222 255
3 192 225 256
4 193 224 226 257
4 194 225 227 258
4 195 226 228 259
4 196 227 229 260
4 197 228 230 261
4 198 229 231 262
4 199 230 232 263
4 200 231 233 264
4 201 232 234 265
4 202 233 235 266
4 203 234 236 267
4 204 235 237 268
4 205 236 238 269
4 206 237 239 270
4 207 238 240 271
4 208 239 241 272
4 209 240 242 273
4 210 241 243 274
4 211 242 244 275
4 212 243 245 276
4 213 244 246 277
4 214 245 247 278
4 215 246 248 279
4 216 247 249 280
4 217 248 250 281
4 218 249 251 282
4 219 250 252 283
4 220 251 253 284
4 221 252 254 285
4 222 253 255 286
3 223 254 287
3 224 257 288
4 225 256 258 289
4 226 257 259 290
4 227 258 260 291
4 228 259 261 292
4 229 260 262 293
4 230 261 263 294
4 231 262 264 295
4 232 263 265 296
4 233 264 266 297
4 234 265 267 298
4 235 266 268 299
4 236 267 269 300
4 237 268 270 301
4 238 269 271 302
4 239 270 272 303
4 240 271 273 304
4 241 272 274 305
4 242 273 275 306
4 243 274 276 307
4 244 275 277 308
4 245 276 278 309
4 246 277 279 310
4 247 278 280 311
4 248 279 281 312
4 249 280 282 313
4 250 281 283 314
4 251 282 284 315
4 252 283 285 316
4 253 284 286 317
4 254 285 287 318
3 255 286 319
3 256 289 320
4 257 288 290 321
4 258 289 291 322
4 259 290 292 323
4 260 291 293 324
4 261 292 294 325
4 262 293 295 326
4 263 294 296 327
4 264 295 297 328
4 265 296 298 329
4 266 297 299 330
4 267 298 300 331
4 268 299 301 332
4 269 300 302 333
4 270 301 303 334
4 271 302 304 335
4 272 303 305 336
4 273 304 306 337
4 274 305 307 338
4 275 306 308 339
4 276 307 309 340
4 277 308 310 341
4 278 309 311 342
4 279 310 312 343
4 280 311 313 344
4 281 312 314 345
4 282 313 315 346
4 283 314 316 347
4 284 315 317 348
4 285 316 318 349
4 286 317 319 350
3 287 318 351
3 288 321 352
4 289 320 322 353
4 290 321 323 354
4 291 322 324 355
4 292 323 325 356
4 293 324 326 357
4 294 325 327 358
4 295 326 328 359
4 296 327 329 360
4 297 328 330 361
4 298 329 331 362
4 299 330 332 363
4 300 331 333 364
4 301 332 334 365
4 302 333 335 366
4 303 334 336 367
4 304 335 337 368
4 305 336 338 369
4 306 337 339 370
4 307 338 340 371
4 308 339 341 372
4 309 340 342 373
4 310 341 343 374
4 311 342 344 375
4 312 343 345 376
4 313 344 346 377
4 314 345 347 378
4 315 346 348 379
4 316 347 349 380
4 317 348 350 381
4 318 349 351 382
3 319 350 383
3 320 353 384
4 321 352 354 385
4 322 353 355 386
4 323 354 356 387
4 324 355 357 388
4 325 356 358 389
4 326 357 359 390
4 327 358 360 391
4 328 359 361 392
4 329 360 362 393
4 330 361 363 394
4 331 362 364 395
4 332 363 365 396
4 333 364 366 397
4 334 365 367 398
4 335 366 368 399
4 336 367 369 400
4 337 368 370 401
4 338 369 371 402
4 339 370 372 403
4 340 371 373 404
4 341 372 374 405
4 342 373 375 406
4 343 374 376 407
4 344 375 377 408
4 345 376 378 409
4 346 377 379 410
4 347 378 380 411
4 348 379 381 412
4 349 380 382 413
4 350 381 383 414
3 351 382 415
3 352 385 416
4 353 384 386 417
4 354 385 387 418
4 355 386 388 419
4 356 387 389 420
4 357 388 390 421
4 358 389 391 422
4 359 390 392 423
4 360 391 393 424
4 361 392 394 425
4 362 393 395 426
4 363 394 396 427
4 364 395 397 428
4 365 396 398 429
4 366 397 399 430
4 367 398 400 431
4 368 399 401 432
4 369 400 402 433
4 370 401 403 434
4 371 402 404 435
4 372 403 405 436
4 373 404 406 437
4 374 405 407 438
4 375 406 408 439
4 376 407 409 440
4 377 408 410 441
4 378 409 411 442
4 379 410 412 443
4 380 411 413 444
4 381 412 414 445
4 382 413 415 446
3 383 414 447
3 384 417 448
4 385 416 418 449
4 386 417 419 450
4 387 418 420 451
4 388 419 421 452
4 389 420 422 453
4 390 421 423 454
4 391 422 424 455
4 392 423 425 456
4 393 424 426 457
4 394 425 427 458
4 395 426 428 459
4 396 427 429 460
4 397 428 430 461
4 398 429 431 462
4 399 430 432 463
4 400 431 433 464
4 401 432 434 465
4 402 433 435 466
4 403 434 436 467
4 404 435 437 468
4 405 436 438 469
4 406 437 439 470
4 407 438 440 471
4 408 439 441 472
4 409 440 442 473
4 410 441 443 474
4 411 442 444 475
4 412 443 445 476
4 413 444 446 477
4 414 445 447 478
3 415 446 479
3 416 449 480
4 417 448 450 481
4 418 449 451 482
4 419 450 452 483
4 420 451 453 484
4 421 452 454 485
4 422 453 455 486
4 423 454 456 487
4 424 455 457 488
4 425 456 458 489
4 426 457 459 490
4 427 458 460 491
4 428 459 461 492
4 429 460 462 493
4 430 461 463 494
4 431 462 464 495
4 432 463 465 496
4 433 464 466 497
4 434 465 467 498
4 435 466 468 499
4 436 467 469 500
4 437 468 470 501
4 438 469 471 502
4 439 470 472 503
4 440 471 473 504
4 441 472 474 505
4 442 473 475 506
4 443 474 476 507
4 444 475 477 508
4 445 476 478 509
4 446 477 479 510
3 447 478 511
3 448 481 512
4 449 480 482 513
4 450 481 483 514
4 451 482 484 515
4 452 483 485 516
4 453 484 486 517
4 454 485 487 518
4 455 486 488 519
4 456 487 489 520
4 457 488 490 521
4 458 489 491 522
4 459 490 492 523
4 460 491 493 524
4 461 492 494 525
4 462 493 495 526
4 463 494 496 527
4 464 495 497 528
4 465 496 498 529
4 466 497 499 530
4 467 498 500 531
4 468 499 501 532
4 469 500 502 533
4 470 501 503 534
4 471 502 504 535
4 472 503 505 536
4 473 504 506 537
4 474 505 507 538
4 475 506 508 539
4 476 507 509 540
4 477 508 510 541
4 478 509 511 542
3 479 510 543
3 480 513 544
4 481 512 514 545
4 482 513 515 546
4 483 514 516 547
4 484 515 517 548
4 485 516 518 549
4 486 517 519 550
4 487 518 520 551
4 488 519 521 552
4 489 520 522 553
4 490 521 523 554
4 491 522 524 555
4 492 523 525 556
4 493 524 526 557
4 494 525 527 558
4 495 526 528 559
4 496 527 529 560
4 497 528 530 561
4 498 529 531 562
4 499 530 532 563
4 500 531 533 564
4 501 532 534 565
4 502 533 535 566
4 503 534 536 567
4 504 535 537 568
4 505 536 538 569
4 506 537 539 570
4 507 538 540 571
4 508 539 541 572
4 509 540 542 573
4 510 541 543 574
3 511 542 575
3 512 545 576
4 513 544 546 577
4 514 545 547 578
4 515 546 548 579
4 516 547 549 580
4 517 548 550 581
4 518 549 551 582
4 519 550 552 583
4 520 551 553 584
4 521 552 554 585
4 522 553 555 586
4 523 554 556 587
4 524 555 557 588
4 525 556 558 589
4 526 557 559 590
4 527 558 560 591
4 528 559 561 592
4 529 560 562 593
4 530 561 563 594
4 531 562 564 595
4 532 563 565 596
4 533 564 566 597
4 534 565 567 598
4 535 566 568 599
4 536 567 569 600
4 537 568 570 601
4 538 569 571 602
4 539 570 572 603
4 540 571 573 604
4 541 572 574 605
4 542 573 575 606
3 543 574 607
3 544 577 608
4 545 576 578 609
4 546 577 579 610
4 547 578 580 611
4 548 579 581 612
4 549 580 582 613
4 550 581 583 614
4 551 582 584 615
4 552 583 585 616
4 553 584 586 617
4 554 585 587 618
4 555 586 588 619
4 556 587 589 620
4 557 588 590 621
4 558 589 591 622
4 559 590 592 623
4 560 591 593 624
4 561 592 594 625
4 562 593 595 626
4 563 594 596 627
4 564 595 597 628
4 565 596 598 629
4 566 597 599 630
4 567 598 600 631
4 568 599 601 632
4 569 600 602 633
4 570 601 603 634
4 571 602 604 635
4 572 603 605 636
4 573 604 606 637
4 574 605 607 638
3 575 606 639
3 576 609 640
4 577 608 610 641
4 578 609 611 642
4 579 610 612 643
4 580 611 613 644
4 581 612 614 645
4 582 613 615 646
4 583 614 616 647
4 584 615 617 648
4 585 616 618 649
4 586 617 619 650
4 587 618 620 651
4 588 619 621 652
4 589 620 622 653
4 590 621 623 654
4 591 622 624 655
4 592 623 625 656
4 593 624 626 657
4 594 625 627 658
4 595 626 628 659
4 596 627 629 660
4 597 628 630 661
4 598 629 631 662
4 599 630 632 663
4 600 631 633 664
4 601 632 634 665
4 602 633 635 666
4 603 634 636 667
4 604 635 637 668
4 605 636 638 669
4 606 637 639 670
3 607 638 671
3 608 641 672
4 609 640 642 673
4 610 641 643 674
4 611 642 644 675
4 612 643 645 676
4 613 644 646 677
4 614 645 647 678
4 615 646 648 679
4 616 647 649 680
4 617 648 650 681
4 618 649 651 682
4 619 650 652 683
4 620 651 653 684
4 621 652 654 685
4 622 653 655 686
4 623 654 656 687
4 624 655 657 688
4 625 656 658 689
4 626 657 659 690
4 627 658 660 691
4 628 659 661 692
4 629 660 662 693
4 630 661 663 694
4 631 662 664 695
4 632 663 665 696
4 633 664 666 697
4 634 665 667 698
4 635 666 668 699
4 636 667 669 700
4 637 668 670 701
4 638 669 671 702
3 639 670 703
3 640 673 704
4 641 672 674 705
4 642 673 675 706
4 643 674 676 707
4 644 675 677 708
4 645 676 678 709
4 646 677 679 710
4 647 678 680 711
4 648 679 681 712
4 649 680 682 713
4 650 681 683 714
4 651 682 684 715
4 652 683 685 716
4 653 684 686 717
4 654 685 687 718
4 655 686 688 719
4 656 687 689 720
4 657 688 690 721
4 658 689 691 722
4 659 690 692 723
4 660 691 693 724
4 661 692 694 725
4 662 693 695 726
4 663 694 696 727
4 664 695 697 728
4 665 696 698 729
4 666 697 699 730
4 667 698 700 731
4 668 699 701 732
4 669 700 702 733
4 670 701 703 734
3 671 702 735
3 672 705 736
4 673 704 706 737
4 674 705 707 738
4 675 706 708 739
4 676 707 709 740
4 677 708 710 741
4 678 709 711 742
4 679 710 712 743
4 680 711 713 744
4 681 712 714 745
4 682 713 715 746
4 683 714 716 747
4 684 715 717 748
4 685 716 718 749
4 686 717 719 750
4 687 718 720 751
4 688 719 721 752
4 689 720 722 753
4 690 721 723 754
4 691 722 724 755
4 692 723 725 756
4 693 724 726 757
4 694 725 727 758
4 695 726 728 759
4 696 727 729 760
4 697 728 730 761
4 698 729 731 762
4 699 730 732 763
4 700 731 733 764
4 701 732 734 765
4 702 733 735 766
3 703 734 767
3 704 737 768
4 705 736 738 769
4 706 737 739 770
4 707 738 740 771
4 708 739 741 772
4 709 740 742 773
4 710 741 743 774
4 711 742 744 775
4 712 743 745 776
4 713 744 746 777
4 714 745 747 778
4 715 746 748 779
4 716 747 749 780
4 717 748 750 781
4 718 749 751 782
4 719 750 752 783
4 720 751 753 784
4 721 752 754 785
4 722 753 755 786
4 723 754 756 787
4 724 755 757 788
4 725 756 758 789
4 726 757 759 790
4 727 758 760 791
4 728 759 761 792
4 729 760 762 793
4 730 761 763 794
4 731 762 764 795
4 732 763 765 796
4 733 764 766 797
4 734 765 767 798
3 735 766 799
3 736 769 800
4 737 768 770 801
4 738 769 771 802
4 739 770 772 803
4 740 771 773 804
4 741 772 774 805
4 742 773 775 806
4 743 774 776 807
4 744 775 777 808
4 745 776 778 809
4 746 777 779 810
4 747 778 780 811
4 748 779 781 812
4 749 780 782 813
4 750 781 783 814
4 751 782 784 815
4 752 783 785 816
4 753 784 786 817
4 754 785 787 818
4 755 786 788 819
4 756 787 789 820
4 757 788 790 821
4 758 789 791 822
4 759 790 792 823
4 760 791 793 824
4 761 792 794 825
4 762 793 795 826
4 763 794 796 827
4 764 795 797 828
4 765 796 798 829
4 766 797 799 830
3 767 798 831
3 768 801 832
4 769 800 802 833
4 770 801 803 834
4 771 802 804 835
4 772 803 805 836
4 773 804 806 837
4 774 805 807 838
4 775 806 808 839
4 776 807 809 840
4 777 808 810 841
4 778 809 811 842
4 779 810 812 843
4 780 811 813 844
4 781 812 814 845
4 782 813 815 846
4 783 814 816 847
4 784 815 817 848
4 785 816 818 849
4 786 817 819 850
4 787 818 820 851
4 788 819 821 852
4 789 820 822 853
4 790 821 823 854
4 791 822 824 855
4 792 823 825 856
4 793 824 826 857
4 794 825 827 858
4 795 826 828 859
4 796 827 829 860
4 797 828 830 861
4 798 829 831 862
3 799 830 863
3 800 833 864
4 801 832 834 865
4 802 833 835 866
4 803 834 836 867
4 804 835 837 868
4 805 836 838 869
4 806 837 839 870
4 807 838 840 871
4 808 839 841 872
4 809 840 842 873
4 810 841 843 874
4 811 842 844 875
4 812 843 845 876
4 813 844 846 877
4 814 845 847 878
4 815 846 848 879
4 816 847 849 880
4 817 848 850 881
4 818 849 851 882
4 819 850 852 883
4 820 851 853 884
4 821 852 854 885
4 822 853 855 886
4 823 854 856 887
4 824 855 857 888
4 825 856 858 889
4 826 857 859 890
4 827 858 860 891
4 828 859 861 892
4 829 860 862 893
4 830 861 863 894
3 831 862 895
3 832 865 896
4 833 864 866 897
4 834 865 867 898
4 835 866 868 899
4 836 867 869 900
4 837 868 870 901
4 838 869 871 902
4 839 870 872 903
4 840 871 873 904
4 841 872 874 905
4 842 873 875 906
4 843 874 876 907
4 844 875 877 908
4 845 876 878 909
4 846 877 879 910
4 847 878 880 911
4 848 879 881 912
4 849 880 882 913
4 850 881 883 914
4 851 882 884 915
4 852 883 885 916
4 853 884 886 917
4 854 885 887 918
4 855 886 888 919
4 856 887 889 920
4 857 888 890 921
4 858 889 891 922
4 859 890 892 923
4 860 891 893 924
4 861 892 894 925
4 862 893 895 926
3 863 894 927
3 864 897 928
4 865 896 898 929
4 866 897 899 930
4 867 898 900 931
4 868 899 901 932
4 869 900 902 933
4 870 901 903 934
4 871 902 904 935
4 872 903 905 936
4 873 904 906 937
4 874 905 907 938
4 875 906 908 939
4 876 907 909 940
4 877 908 910 941
4 878 909 911 942
4 879 910 912 943
4 880 911 913 944
4 881 912 914 945
4 882 913 915 946
4 883 914 916 947
4 884 915 917 948
4 885 916 918 949
4 886 917 919 950
4 887 918 920 951
4 888 919 921 952
4 889 920 922 953
4 890 921 923 954
4 891 922 924 955
4 892 923 925 956
4 893 924 926 957
4 894 925 927 958
3 895 926 959
3 896 929 960
4 897 928 930 961
4 898 929 931 962
4 899 930 932 963
4 900 931 933 964
4 901 932 934 965
4 902 933 935 966
4 903 934 936 967
4 904 935 937 968
4 905 936 938 969
4 906 937 939 970
4 907 938 940 971
4 908 939 941 972
4 909 940 942 973
4 910 941 943 974
4 911 942 944 975
4 912 943 945 976
4 913 944 946 977
4 914 945 947 978
4 915 946 948 979
4 916 947 949 980
4 917 948 950 981
4 918 949 951 982
4 919 950 952 983
4 920 951 953 984
4 921 952 954 985
4 922 953 955 986
4 923 954 956 987
4 924 955 957 988
4 925 956 958 989
4 926 957 959 990
3 927 958 991
3 928 961 992
4 929 960 962 993
4 930 961 963 994
4 931 962 964 995
4 932 963 965 996
4 933 964 966 997
4 934 965 967 998
4 935 966 968 999
4 936 967 969 1000
4 937 968 970 1001
4 938 969 971 1002
4 939 970 972 1003
4 940 971 973 1004
4 941 972 974 1005
4 942 973 975 1006
4 943 974 976 1007
4 944 975 977 1008
4 945 976 978 1009
4 946 977 979 1010
4 947 978 980 1011
4 948 979 981 1012
4 949 980 982 1013
4 950 981 983 1014
4 951 982 984 1015
4 952 983 985 1016
4 953 984 986 1017
4 954 985 987 1018
4 955 986 988 1019
4 956 987 989 1020
4 957 988 990 1021
4 958 989 991 1022
3 959 990 1023
2 960 993
3 961 992 994
3 962 993 995
3 963 994 996
3 964 995 997
3 965 996 998
3 966 997 999
3 967 998 1000
3 968 999 1001
3 969 1000 1002
3 970 1001 1003
3 971 1002 1004
3 972 1003 1005
3 973 1004 1006
3 974 1005 1007
3 975 1006 1008
3 976 1007 1009
3 977 1008 1010
3 978 1009 1011
3 979 1010 1012
3 980 1011 1013
3 981 1012 1014
3 982 1013 1015
3 983 1014 1016
3 984 1015 1017
3 985 1016 1018
3 986 1017 1019
3 987 1018 1020
3 988 1019 1021
3 989 1020 1022
3 990 1021 1023
2 991 1022
