128
16 8
2 1 16
3 0 2 17
3 1 3 18
3 2 4 19
3 3 5 20
3 4 6 21
3 5 7 22
3 6 8 23
3 7 9 24
3 8 10 25
3 9 11 26
3 10 12 27
3 11 13 28
3 12 14 29
3 13 15 30
2 14 31
3 0 17 32
4 1 16 18 33
4 2 17 19 34
4 3 18 20 35
4 4 19 21 36
4 5 20 22 37
4 6 21 23 38
4 7 22 24 39
4 8 23 25 40
4 9 24 26 41
4 10 25 27 42
4 11 26 28 43
4 12 27 29 44
4 13 28 30 45
4 14 29 31 46
3 15 30 47
3 16 33 48
4 17 32 34 49
4 18 33 35 50
4 19 34 36 51
4 20 35 37 52
4 21 36 38 53
4 22 37 39 54
4 23 38 40 55
4 24 39 41 56
4 25 40 42 57
4 26 41 43 58
4 27 42 44 59
4 28 43 45 60
4 29 44 46 61
4 30 45 47 62
3 31 46 63
3 32 49 64
4 33 48 50 65
4 34 49 51 66
4 35 50 52 67
4 36 51 53 68
4 37 52 54 69
4 38 53 55 70
4 39 54 56 71
4 40 55 57 72
4 41 56 58 73
4 42 57 59 74
4 43 58 60 75
4 44 59 61 76
4 45 60 62 77
4 46 61 63 78
3 47 62 79
3 48 65 80
4 49 64 66 81
4 50 65 67 82
4 51 66 68 83
4 52 67 69 84
4 53 68 70 85
4 54 69 71 86
4 55 70 72 87
4 56 71 73 88
4 57 72 74 89
4 58 73 75 90
4 59 74 76 91
4 60 75 77 92
4 61 76 78 93
4 62 77 79 94
3 63 78 95
3 64 81 96
4 65 80 82 97
4 66 81 83 98
4 67 82 84 99
4 68 83 85 100
4 69 84 86 101
4 70 85 87 102
4 71 86 88 103
4 72 87 89 104
4 73 88 90 105
4 74 89 91 106
4 75 90 92 107
4 76 91 93 108
4 77 92 94 109
4 78 93 95 110
3 79 94 111
3 80 97 112
4 81 96 98 113
4 82 97 99 114
4 83 98 100 115
4 84 99 101 116
4 85 100 102 117
4 86 101 103 118
4 87 102 104 119
4 88 103 105 120
4 89 104 106 121
4 90 105 107 122
4 91 106 108 123
4 92 107 109 124
4 93 108 110 125
4 94 109 111 126
3 95 110 127
2 96 113
3 97 112 114
3 98 113 115
3 99 114 116
3 100 115 117
3 101 116 118
3 102 117 119
3 103 118 120
3 104 119 121
3 105 120 122
3 106 121 123
3 107 122 124
3 108 123 125
3 109 124 126
3 110 125 127
2 111 126
