512
32 16
1 1
2 0 2
2 1 3
2 2 4
2 3 5
2 4 6
2 5 7
2 6 8
2 7 9
2 8 10
2 9 11
2 10 12
2 11 13
2 12 14
2 13 15
2 14 16
2 15 17
2 16 18
2 17 19
2 18 20
2 19 21
2 20 22
2 21 23
2 22 24
2 23 25
2 24 26
2 25 27
2 26 28
2 27 29
2 28 30
2 29 31
2 30 63
2 33 64
2 34 32
2 35 33
2 36 34
2 37 35
2 38 36
2 39 37
2 40 38
2 41 39
2 42 40
2 43 41
2 44 42
2 45 43
2 46 44
2 47 45
2 48 46
2 49 47
2 50 48
2 51 49
2 52 50
2 53 51
2 54 52
2 55 53
2 56 54
2 57 55
2 58 56
2 59 57
2 60 58
2 61 59
2 62 60
2 63 61
2 31 62
2 32 65
2 64 66
2 65 67
2 66 68
2 67 69
2 68 70
2 69 71
2 70 72
2 71 73
2 72 74
2 73 75
2 74 76
2 75 77
2 76 78
2 77 79
2 78 80
2 79 81
2 80 82
2 81 83
2 82 84
2 83 85
2 84 86
2 85 87
2 86 88
2 87 89
2 88 90
2 89 91
2 90 92
2 91 93
2 92 94
2 93 95
2 94 127
2 97 128
2 98 96
2 99 97
2 100 98
2 101 99
2 102 100
2 103 101
2 104 102
2 105 103
2 106 104
2 107 105
2 108 106
2 109 107
2 110 108
2 111 109
2 112 110
2 113 111
2 114 112
2 115 113
2 116 114
2 117 115
2 118 116
2 119 117
2 120 118
2 121 119
2 122 120
2 123 121
2 124 122
2 125 123
2 126 124
2 127 125
2 95 126
2 96 129
2 128 130
2 129 131
2 130 132
2 131 133
2 132 134
2 133 135
2 134 136
2 135 137
2 136 138
2 137 139
2 138 140
2 139 141
2 140 142
2 141 143
2 142 144
2 143 145
2 144 146
2 145 147
2 146 148
2 147 149
2 148 150
2 149 151
2 150 152
2 151 153
2 152 154
2 153 155
2 154 156
2 155 157
2 156 158
2 157 159
2 158 191
2 161 192
2 162 160
2 163 161
2 164 162
2 165 163
2 166 164
2 167 165
2 168 166
2 169 167
2 170 168
2 171 169
2 172 170
2 173 171
2 174 172
2 175 173
2 176 174
2 177 175
2 178 176
2 179 177
2 180 178
2 181 179
2 182 180
2 183 181
2 184 182
2 185 183
2 186 184
2 187 185
2 188 186
2 189 187
2 190 188
2 191 189
2 159 190
2 160 193
2 192 194
2 193 195
2 194 196
2 195 197
2 196 198
2 197 199
2 198 200
2 199 201
2 200 202
2 201 203
2 202 204
2 203 205
2 204 206
2 205 207
2 206 208
2 207 209
2 208 210
2 209 211
2 210 212
2 211 213
2 212 214
2 213 215
2 214 216
2 215 217
2 216 218
2 217 219
2 218 220
2 219 221
2 220 222
2 221 223
2 222 255
2 225 256
2 226 224
2 227 225
2 228 226
2 229 227
2 230 228
2 231 229
2 232 230
2 233 231
2 234 232
2 235 233
2 236 234
2 237 235
2 238 236
2 239 237
2 240 238
2 241 239
2 242 240
2 243 241
2 244 242
2 245 243
2 246 244
2 247 245
2 248 246
2 249 247
2 250 248
2 251 249
2 252 250
2 253 251
2 254 252
2 255 253
2 223 254
2 224 257
2 256 258
2 257 259
2 258 260
2 259 261
2 260 262
2 261 263
2 262 264
2 263 265
2 264 266
2 265 267
2 266 268
2 267 269
2 268 270
2 269 271
2 270 272
2 271 273
2 272 274
2 273 275
2 274 276
2 275 277
2 276 278
2 277 279
2 278 280
2 279 281
2 280 282
2 281 283
2 282 284
2 283 285
2 284 286
2 285 287
2 286 319
2 289 320
2 290 288
2 291 289
2 292 290
2 293 291
2 294 292
2 295 293
2 296 294
2 297 295
2 298 296
2 299 297
2 300 298
2 301 299
2 302 300
2 303 301
2 304 302
2 305 303
2 306 304
2 307 305
2 308 306
2 309 307
2 310 308
2 311 309
2 312 310
2 313 311
2 314 312
2 315 313
2 316 314
2 317 315
2 318 316
2 319 317
2 287 318
2 288 321
2 320 322
2 321 323
2 322 324
2 323 325
2 324 326
2 325 327
2 326 328
2 327 329
2 328 330
2 329 331
2 330 332
2 331 333
2 332 334
2 333 335
2 334 336
2 335 337
2 336 338
2 337 339
2 338 340
2 339 341
2 340 342
2 341 343
2 342 344
2 343 345
2 344 346
2 345 347
2 346 348
2 347 349
2 348 350
2 349 351
2 350 383
2 353 384
2 354 352
2 355 353
2 356 354
2 357 355
2 358 356
2 359 357
2 360 358
2 361 359
2 362 360
2 363 361
2 364 362
2 365 363
2 366 364
2 367 365
2 368 366
2 369 367
2 370 368
2 371 369
2 372 370
2 373 371
2 374 372
2 375 373
2 376 374
2 377 375
2 378 376
2 379 377
2 380 378
2 381 379
2 382 380
2 383 381
2 351 382
2 352 385
2 384 386
2 385 387
2 386 388
2 387 389
2 388 390
2 389 391
2 390 392
2 391 393
2 392 394
2 393 395
2 394 396
2 395 397
2 396 398
2 397 399
2 398 400
2 399 401
2 400 402
2 401 403
2 402 404
2 403 405
2 404 406
2 405 407
2 406 408
2 407 409
2 408 410
2 409 411
2 410 412
2 411 413
2 412 414
2 413 415
2 414 447
2 417 448
2 418 416
2 419 417
2 420 418
2 421 419
2 422 420
2 423 421
2 424 422
2 425 423
2 426 424
2 427 425
2 428 426
2 429 427
2 430 428
2 431 429
2 432 430
2 433 431
2 434 432
2 435 433
2 436 434
2 437 435
2 438 436
2 439 437
2 440 438
2 441 439
2 442 440
2 443 441
2 444 442
2 445 443
2 446 444
2 447 445
2 415 446
2 416 449
2 448 450
2 449 451
2 450 452
2 451 453
2 452 454
2 453 455
2 454 456
2 455 457
2 456 458
2 457 459
2 458 460
2 459 461
2 460 462
2 461 463
2 462 464
2 463 465
2 464 466
2 465 467
2 466 468
2 467 469
2 468 470
2 469 471
2 470 472
2 471 473
2 472 474
2 473 475
2 474 476
2 475 477
2 476 478
2 477 479
2 478 511
1 481
2 482 480
2 483 481
2 484 482
2 485 483
2 486 484
2 487 485
2 488 486
2 489 487
2 490 488
2 491 489
2 492 490
2 493 491
2 494 492
2 495 493
2 496 494
2 497 495
2 498 496
2 499 497
2 500 498
2 501 499
2 502 500
2 503 501
2 504 502
2 505 503
2 506 504
2 507 505
2 508 506
2 509 507
2 510 508
2 511 509
2 479 510
